# classification_basic_augmented_oversampled
val acc: 0.364 (no class 3 correctly predicted), 
[[ 306 1028   22  292   84]
 [ 570 1249   64  385  240]
 [  57  141    0   16    0]
 [  46  198   73  420   44]
 [   4   56    6  111    2]]
 Balanced accuracy: 0.24472520318136093
              precision    recall  f1-score   support

           0      0.311     0.177     0.225      1732
           1      0.467     0.498     0.482      2508
           2      0.000     0.000     0.000       214
           3      0.343     0.538     0.419       781
           4      0.005     0.011     0.007       179

    accuracy                          0.365      5414
   macro avg      0.225     0.245     0.227      5414
weighted avg      0.366     0.365     0.356      5414

test acc: 0.48, 
[[471 302  11 169   8]
 [452 884  31 176   9]
 [  3   8   0   0   1]
 [207 686  67 791 192]
 [  7  20   0  55  82]]
Balanced accuracy: 0.39336090238113186
              precision    recall  f1-score   support

           0      0.413     0.490     0.448       961
           1      0.465     0.570     0.512      1552
           2      0.000     0.000     0.000        12
           3      0.664     0.407     0.505      1943
           4      0.281     0.500     0.360       164

    accuracy                          0.481      4632
   macro avg      0.365     0.393     0.365      4632
weighted avg      0.530     0.481     0.489      4632

# classification_basic_augmented_oversampled_dropout
train accuracy: 0.8359 balanced: 0.8359
[[11698   564   279   838   117]
 [ 1103  9507   342  2391   153]
 [   19    61 13389    27     0]
 [ 1099  2638   468  8691   600]
 [  106    46    20   198 13126]]
              precision    recall  f1-score   support

           0      0.834     0.867     0.850     13496
           1      0.742     0.704     0.723     13496
           2      0.924     0.992     0.957     13496
           3      0.716     0.644     0.678     13496
           4      0.938     0.973     0.955     13496

    accuracy                          0.836     67480
   macro avg      0.831     0.836     0.832     67480
weighted avg      0.831     0.836     0.832     67480

val accuracy: 0.379, balanced: 0.255
[[ 295  874   23  441   99]
 [ 390 1398   60  563   97]
 [  76  102    2   34    0]
 [  62  217  105  338   59]
 [  16   42   11   91   19]]

             precision    recall  f1-score   support

           0      0.352     0.170     0.229      1732
           1      0.531     0.557     0.544      2508
           2      0.010     0.009     0.010       214
           3      0.230     0.433     0.301       781
           4      0.069     0.106     0.084       179

    accuracy                          0.379      5414
   macro avg      0.238     0.255     0.234      5414
weighted avg      0.394     0.379     0.372      5414

test accuracy: 0.381, balanced: 0.33
[[391 222  14 328   6]
 [489 736  52 267   8]
 [  2  10   0   0   0]
 [234 822 109 559 219]
 [ 14  29   1  41  79]]
              precision    recall  f1-score   support

           0      0.346     0.407     0.374       961
           1      0.405     0.474     0.437      1552
           2      0.000     0.000     0.000        12
           3      0.468     0.288     0.356      1943
           4      0.253     0.482     0.332       164

    accuracy                          0.381      4632
   macro avg      0.294     0.330     0.300      4632
weighted avg      0.413     0.381     0.385      4632