0 0.678711 0.899414 0.025391 0.021484
0 0.485352 0.879395 0.037109 0.034180
0 0.590820 0.886719 0.027344 0.029297
0 0.638184 0.877930 0.038086 0.029297
0 0.721191 0.883301 0.036133 0.032227
0 0.968262 0.920410 0.030273 0.040039
0 0.670410 0.862305 0.022461 0.035156
0 0.712891 0.844238 0.042969 0.028320
0 0.625977 0.837402 0.029297 0.030273
0 0.599121 0.845215 0.022461 0.030273
0 0.574707 0.842773 0.022461 0.033203
0 0.758789 0.840820 0.035156 0.029297
0 0.690430 0.828613 0.029297 0.032227
0 0.751465 0.810547 0.030273 0.029297
0 0.724121 0.824707 0.024414 0.040039
0 0.647949 0.820312 0.028320 0.029297
0 0.601074 0.817871 0.020508 0.030273
0 0.571777 0.817383 0.032227 0.031250
0 0.626953 0.794922 0.023438 0.029297
0 0.666016 0.792969 0.025391 0.033203
0 0.698730 0.781250 0.030273 0.029297
0 0.861816 0.889160 0.030273 0.040039
0 0.474121 0.655273 0.032227 0.037109
0 0.386719 0.633789 0.035156 0.041016
0 0.447754 0.735840 0.040039 0.045898
0 0.543457 0.501465 0.040039 0.030273
0 0.447754 0.471680 0.038086 0.033203
0 0.420410 0.453613 0.032227 0.028320
0 0.371094 0.436035 0.035156 0.041992