0 0.865723 0.446289 0.024414 0.029297
0 0.831055 0.437988 0.029297 0.026367
0 0.719238 0.443848 0.030273 0.028320
0 0.741211 0.329102 0.037109 0.037109
0 0.654297 0.258301 0.031250 0.030273
0 0.578125 0.192383 0.027344 0.050781
0 0.627441 0.189941 0.034180 0.032227
0 0.661133 0.180664 0.031250 0.027344
0 0.673828 0.202637 0.044922 0.022461
0 0.706543 0.179688 0.026367 0.037109
0 0.734375 0.190918 0.041016 0.030273
0 0.526367 0.143555 0.031250 0.044922
0 0.466309 0.162109 0.028320 0.042969
0 0.409668 0.156250 0.036133 0.039062
0 0.547363 0.113281 0.022461 0.029297
0 0.629395 0.158691 0.036133 0.032227
0 0.704590 0.363770 0.032227 0.028320
0 0.895996 0.445312 0.028320 0.031250
0 0.574219 0.318848 0.037109 0.041992
0 0.526367 0.229004 0.039062 0.038086
0 0.881348 0.094238 0.040039 0.034180
0 0.717773 0.101074 0.035156 0.028320
0 0.691895 0.107910 0.032227 0.040039