0 0.597168 0.890625 0.024414 0.033203
0 0.640625 0.893066 0.039062 0.020508
0 0.569336 0.880371 0.031250 0.026367
0 0.700195 0.864746 0.037109 0.028320
0 0.601562 0.871094 0.029297 0.027344
0 0.675781 0.855469 0.025391 0.021484
0 0.662109 0.867676 0.041016 0.020508
0 0.484375 0.838379 0.037109 0.034180
0 0.588867 0.847656 0.027344 0.029297
0 0.635254 0.837891 0.038086 0.029297
0 0.718262 0.839355 0.036133 0.032227
0 0.973145 0.878418 0.030273 0.040039
0 0.668457 0.820312 0.022461 0.035156
0 0.713867 0.804199 0.042969 0.028320
0 0.625977 0.797363 0.029297 0.030273
0 0.598145 0.805176 0.022461 0.030273
0 0.576660 0.802734 0.022461 0.033203
0 0.759766 0.797852 0.035156 0.029297
0 0.687500 0.788574 0.029297 0.032227
0 0.752441 0.772461 0.030273 0.029297
0 0.724121 0.780762 0.024414 0.040039
0 0.646973 0.779297 0.028320 0.029297
0 0.598145 0.778809 0.020508 0.030273
0 0.568848 0.777344 0.032227 0.031250
0 0.624023 0.754883 0.023438 0.029297
0 0.665039 0.752930 0.025391 0.033203
0 0.519043 0.901855 0.034180 0.028320
0 0.697754 0.741211 0.030273 0.029297
0 0.862793 0.848145 0.030273 0.040039
0 0.695801 0.896973 0.016602 0.032227
0 0.473145 0.613281 0.032227 0.037109
0 0.385742 0.592773 0.035156 0.041016
0 0.938477 0.889648 0.029297 0.050781
0 0.444824 0.694824 0.040039 0.045898
0 0.540527 0.457520 0.040039 0.030273
0 0.444824 0.427734 0.038086 0.033203
0 0.417480 0.409668 0.032227 0.028320
0 0.368164 0.392090 0.035156 0.041992