0 0.703125 0.892090 0.037109 0.028320
0 0.605469 0.888672 0.029297 0.027344
0 0.678711 0.882812 0.025391 0.021484
0 0.665039 0.895020 0.041016 0.020508
0 0.485352 0.862793 0.037109 0.034180
0 0.590820 0.870117 0.027344 0.029297
0 0.638184 0.861328 0.038086 0.029297
0 0.721191 0.866699 0.036133 0.032227
0 0.968262 0.903809 0.030273 0.040039
0 0.670410 0.845703 0.022461 0.035156
0 0.712891 0.827637 0.042969 0.028320
0 0.625977 0.820801 0.029297 0.030273
0 0.599121 0.828613 0.022461 0.030273
0 0.574707 0.826172 0.022461 0.033203
0 0.758789 0.824219 0.035156 0.029297
0 0.690430 0.812012 0.029297 0.032227
0 0.751465 0.793945 0.030273 0.029297
0 0.724121 0.808105 0.024414 0.040039
0 0.647949 0.803711 0.028320 0.029297
0 0.601074 0.801270 0.020508 0.030273
0 0.571777 0.800781 0.032227 0.031250
0 0.626953 0.778320 0.023438 0.029297
0 0.666016 0.776367 0.025391 0.033203
0 0.698730 0.764648 0.030273 0.029297
0 0.861816 0.872559 0.030273 0.040039
0 0.474121 0.638672 0.032227 0.037109
0 0.386719 0.617188 0.035156 0.041016
0 0.935547 0.916016 0.029297 0.050781
0 0.447754 0.719238 0.040039 0.045898
0 0.543457 0.484863 0.040039 0.030273
0 0.447754 0.455078 0.038086 0.033203
0 0.420410 0.437012 0.032227 0.028320
0 0.371094 0.419434 0.035156 0.041992