0 0.894531 0.378906 0.031250 0.027344
0 0.861816 0.376953 0.024414 0.029297
0 0.827148 0.368652 0.029297 0.026367
0 0.715332 0.376465 0.030273 0.028320
0 0.702148 0.295898 0.035156 0.023438
0 0.737305 0.258789 0.037109 0.037109
0 0.571777 0.252441 0.024414 0.028320
0 0.650391 0.188965 0.031250 0.030273
0 0.657227 0.153809 0.031250 0.024414
0 0.523438 0.158203 0.029297 0.037109
0 0.574219 0.123047 0.027344 0.050781
0 0.623535 0.120605 0.034180 0.032227
0 0.657227 0.111328 0.031250 0.027344
0 0.669922 0.133301 0.044922 0.022461
0 0.702637 0.110352 0.026367 0.037109
0 0.730469 0.121582 0.041016 0.030273