0 0.896484 0.411133 0.031250 0.027344
0 0.863770 0.409180 0.024414 0.029297
0 0.829102 0.400879 0.029297 0.026367
0 0.717285 0.408691 0.030273 0.028320
0 0.704102 0.328125 0.035156 0.023438
0 0.739258 0.291016 0.037109 0.037109
0 0.573730 0.284668 0.024414 0.028320
0 0.652344 0.221191 0.031250 0.030273
0 0.659180 0.186035 0.031250 0.024414
0 0.525391 0.194336 0.029297 0.037109
0 0.576172 0.155273 0.027344 0.050781
0 0.625488 0.152832 0.034180 0.032227
0 0.659180 0.143555 0.031250 0.027344
0 0.671875 0.165527 0.044922 0.022461
0 0.704590 0.142578 0.026367 0.037109
0 0.732422 0.153809 0.041016 0.030273
0 0.625488 0.125977 0.040039 0.031250
0 0.526367 0.111816 0.031250 0.045898
0 0.462891 0.129395 0.031250 0.043945
0 0.403320 0.122070 0.039062 0.037109