0 0.672363 0.887695 0.022461 0.035156
0 0.714844 0.869629 0.042969 0.028320
0 0.629883 0.866699 0.029297 0.030273
0 0.601074 0.870605 0.022461 0.030273
0 0.576660 0.868164 0.022461 0.033203
0 0.760742 0.866211 0.035156 0.029297
0 0.692383 0.854004 0.029297 0.032227
0 0.753418 0.835938 0.030273 0.029297
0 0.726074 0.850098 0.024414 0.040039
0 0.649902 0.845703 0.028320 0.029297
0 0.603027 0.843262 0.020508 0.030273
0 0.573730 0.842773 0.032227 0.031250
0 0.628906 0.820312 0.023438 0.029297
0 0.667969 0.818359 0.025391 0.033203
0 0.700684 0.806641 0.030273 0.029297
0 0.476074 0.680664 0.032227 0.037109
0 0.388672 0.659180 0.035156 0.041016
0 0.449707 0.761230 0.040039 0.045898
0 0.545410 0.526855 0.040039 0.030273
0 0.449707 0.497070 0.038086 0.033203
0 0.373047 0.461426 0.035156 0.041992
0 0.423828 0.477539 0.031250 0.035156