0 0.894531 0.374023 0.031250 0.027344
0 0.861816 0.372070 0.024414 0.029297
0 0.827148 0.363770 0.029297 0.026367
0 0.715332 0.371582 0.030273 0.028320
0 0.702148 0.291016 0.035156 0.023438
0 0.737305 0.253906 0.037109 0.037109
0 0.571777 0.247559 0.024414 0.028320
0 0.650391 0.184082 0.031250 0.030273
0 0.657227 0.148926 0.031250 0.024414
0 0.523438 0.153320 0.029297 0.037109
0 0.574219 0.118164 0.027344 0.050781
0 0.623535 0.115723 0.034180 0.032227
0 0.657227 0.106445 0.031250 0.027344
0 0.669922 0.128418 0.044922 0.022461
0 0.702637 0.105469 0.026367 0.037109
0 0.730469 0.116699 0.041016 0.030273