0 0.895508 0.401367 0.031250 0.027344
0 0.862793 0.399414 0.024414 0.029297
0 0.828125 0.391113 0.029297 0.026367
0 0.716309 0.398926 0.030273 0.028320
0 0.703125 0.322266 0.035156 0.023438
0 0.738281 0.281250 0.037109 0.037109
0 0.572754 0.274902 0.024414 0.028320
0 0.651367 0.211426 0.031250 0.030273
0 0.658203 0.176270 0.031250 0.024414
0 0.524414 0.184570 0.029297 0.037109
0 0.575195 0.145508 0.027344 0.050781
0 0.623535 0.145020 0.034180 0.032227
0 0.658203 0.133789 0.031250 0.027344
0 0.670898 0.155762 0.044922 0.022461
0 0.703613 0.132812 0.026367 0.037109
0 0.731445 0.144043 0.041016 0.030273
0 0.624023 0.116211 0.033203 0.023438
0 0.520508 0.105957 0.027344 0.026367
0 0.463867 0.113281 0.029297 0.042969
0 0.405762 0.105469 0.026367 0.033203