0 0.598145 0.902344 0.024414 0.033203
0 0.568359 0.885254 0.031250 0.026367
0 0.701172 0.876465 0.037109 0.028320
0 0.602539 0.882812 0.029297 0.027344
0 0.676758 0.867188 0.025391 0.021484
0 0.663086 0.879395 0.041016 0.020508
0 0.483398 0.847168 0.037109 0.034180
0 0.588867 0.854492 0.027344 0.029297
0 0.636230 0.845703 0.038086 0.029297
0 0.719238 0.851074 0.036133 0.032227
0 0.966309 0.888184 0.030273 0.040039
0 0.668457 0.830078 0.022461 0.035156
0 0.710938 0.812012 0.042969 0.028320
0 0.624023 0.805176 0.029297 0.030273
0 0.597168 0.812988 0.022461 0.030273
0 0.572754 0.810547 0.022461 0.033203
0 0.756836 0.808594 0.035156 0.029297
0 0.688477 0.796387 0.029297 0.032227
0 0.749512 0.778320 0.030273 0.029297
0 0.722168 0.792480 0.024414 0.040039
0 0.645996 0.788086 0.028320 0.029297
0 0.599121 0.785645 0.020508 0.030273
0 0.569824 0.785156 0.032227 0.031250
0 0.625000 0.762695 0.023438 0.029297
0 0.664062 0.760742 0.025391 0.033203
0 0.696777 0.749023 0.030273 0.029297
0 0.859863 0.856934 0.030273 0.040039
0 0.472168 0.623047 0.032227 0.037109
0 0.384766 0.601562 0.035156 0.041016
0 0.933594 0.900391 0.029297 0.050781
0 0.445801 0.703613 0.040039 0.045898
0 0.541504 0.469238 0.040039 0.030273
0 0.445801 0.439453 0.038086 0.033203
0 0.418457 0.421387 0.032227 0.028320
0 0.369141 0.403809 0.035156 0.041992