0 0.866699 0.453125 0.024414 0.029297
0 0.832031 0.444824 0.029297 0.026367
0 0.720215 0.450684 0.030273 0.028320
0 0.742188 0.335938 0.037109 0.037109
0 0.655273 0.265137 0.031250 0.030273
0 0.579102 0.199219 0.027344 0.050781
0 0.628418 0.196777 0.034180 0.032227
0 0.662109 0.187500 0.031250 0.027344
0 0.674805 0.209473 0.044922 0.022461
0 0.707520 0.186523 0.026367 0.037109
0 0.735352 0.197754 0.041016 0.030273
0 0.527344 0.150391 0.031250 0.044922
0 0.467285 0.168945 0.028320 0.042969
0 0.410645 0.163086 0.036133 0.039062
0 0.548340 0.120117 0.022461 0.029297
0 0.630371 0.165527 0.036133 0.032227
0 0.705566 0.370605 0.032227 0.028320
0 0.896973 0.452148 0.028320 0.031250
0 0.575195 0.325684 0.037109 0.041992
0 0.527344 0.235840 0.039062 0.038086
0 0.882324 0.101074 0.040039 0.034180
0 0.718750 0.107910 0.035156 0.028320
0 0.692871 0.114746 0.032227 0.040039
0 0.687012 0.339355 0.034180 0.026367