0 0.714844 0.886230 0.042969 0.028320
0 0.629883 0.883301 0.029297 0.030273
0 0.601074 0.887207 0.022461 0.030273
0 0.576660 0.884766 0.022461 0.033203
0 0.760742 0.882812 0.035156 0.029297
0 0.692383 0.870605 0.029297 0.032227
0 0.753418 0.852539 0.030273 0.029297
0 0.726074 0.866699 0.024414 0.040039
0 0.649902 0.862305 0.028320 0.029297
0 0.603027 0.859863 0.020508 0.030273
0 0.573730 0.859375 0.032227 0.031250
0 0.628906 0.836914 0.023438 0.029297
0 0.667969 0.834961 0.025391 0.033203
0 0.700684 0.823242 0.030273 0.029297
0 0.476074 0.697266 0.032227 0.037109
0 0.388672 0.675781 0.035156 0.041016
0 0.449707 0.777832 0.040039 0.045898
0 0.545410 0.543457 0.040039 0.030273
0 0.449707 0.513672 0.038086 0.033203
0 0.373047 0.478027 0.035156 0.041992
0 0.423828 0.494141 0.031250 0.035156