0 0.895508 0.392578 0.031250 0.027344
0 0.862793 0.390625 0.024414 0.029297
0 0.828125 0.382324 0.029297 0.026367
0 0.716309 0.390137 0.030273 0.028320
0 0.703125 0.309570 0.035156 0.023438
0 0.738281 0.272461 0.037109 0.037109
0 0.572754 0.266113 0.024414 0.028320
0 0.651367 0.202637 0.031250 0.030273
0 0.658203 0.167480 0.031250 0.024414
0 0.524414 0.173828 0.029297 0.037109
0 0.575195 0.136719 0.027344 0.050781
0 0.624512 0.134277 0.034180 0.032227
0 0.658203 0.125000 0.031250 0.027344
0 0.670898 0.146973 0.044922 0.022461
0 0.703613 0.124023 0.026367 0.037109
0 0.731445 0.135254 0.041016 0.030273
0 0.626953 0.104980 0.035156 0.024414
0 0.463379 0.104980 0.040039 0.041992
0 0.519043 0.103516 0.024414 0.017578
0 0.403320 0.099121 0.033203 0.032227