0 0.895508 0.397461 0.031250 0.027344
0 0.862793 0.395508 0.024414 0.029297
0 0.828125 0.387207 0.029297 0.026367
0 0.716309 0.395020 0.030273 0.028320
0 0.703125 0.314453 0.035156 0.023438
0 0.738281 0.277344 0.037109 0.037109
0 0.572754 0.270996 0.024414 0.028320
0 0.651367 0.207520 0.031250 0.030273
0 0.658203 0.172363 0.031250 0.024414
0 0.524414 0.179688 0.029297 0.037109
0 0.575195 0.141602 0.027344 0.050781
0 0.624512 0.139160 0.034180 0.032227
0 0.658203 0.129883 0.031250 0.027344
0 0.670898 0.151855 0.044922 0.022461
0 0.703613 0.128906 0.026367 0.037109
0 0.731445 0.140137 0.041016 0.030273
0 0.625000 0.111816 0.037109 0.022461
0 0.521484 0.104004 0.031250 0.024414
0 0.463867 0.112793 0.037109 0.043945
0 0.404297 0.104980 0.046875 0.032227