0 0.701172 0.885254 0.037109 0.028320
0 0.603516 0.881836 0.029297 0.027344
0 0.676758 0.875977 0.025391 0.021484
0 0.663086 0.888184 0.041016 0.020508
0 0.483398 0.855957 0.037109 0.034180
0 0.588867 0.863281 0.027344 0.029297
0 0.636230 0.854492 0.038086 0.029297
0 0.719238 0.859863 0.036133 0.032227
0 0.966309 0.896973 0.030273 0.040039
0 0.668457 0.838867 0.022461 0.035156
0 0.710938 0.820801 0.042969 0.028320
0 0.624023 0.813965 0.029297 0.030273
0 0.597168 0.821777 0.022461 0.030273
0 0.572754 0.819336 0.022461 0.033203
0 0.756836 0.817383 0.035156 0.029297
0 0.688477 0.805176 0.029297 0.032227
0 0.749512 0.787109 0.030273 0.029297
0 0.722168 0.801270 0.024414 0.040039
0 0.645996 0.796875 0.028320 0.029297
0 0.599121 0.794434 0.020508 0.030273
0 0.569824 0.793945 0.032227 0.031250
0 0.625000 0.771484 0.023438 0.029297
0 0.664062 0.769531 0.025391 0.033203
0 0.696777 0.757812 0.030273 0.029297
0 0.859863 0.865723 0.030273 0.040039
0 0.472168 0.631836 0.032227 0.037109
0 0.384766 0.610352 0.035156 0.041016
0 0.933594 0.909180 0.029297 0.050781
0 0.445801 0.712402 0.040039 0.045898
0 0.541504 0.478027 0.040039 0.030273
0 0.445801 0.448242 0.038086 0.033203
0 0.418457 0.430176 0.032227 0.028320
0 0.369141 0.412598 0.035156 0.041992