0 0.120117 0.809570 0.035156 0.027344
0 0.084473 0.816406 0.028320 0.041016
0 0.045898 0.815430 0.029297 0.027344
0 0.022949 0.842773 0.036133 0.027344
0 0.000977 0.833984 0.001953 0.037109
0 0.066895 0.842285 0.034180 0.022461
0 0.165039 0.843750 0.023438 0.039062
0 0.047852 0.861328 0.027344 0.042969
0 0.105957 0.853027 0.028320 0.028320
0 0.135254 0.850098 0.028320 0.028320
0 0.020508 0.865234 0.017578 0.021484
0 0.008789 0.864746 0.017578 0.040039
0 0.087891 0.888184 0.031250 0.034180
0 0.130371 0.868652 0.032227 0.022461
0 0.162598 0.868652 0.030273 0.026367
0 0.012207 0.909180 0.022461 0.042969
0 0.058594 0.900879 0.027344 0.032227
0 0.133301 0.903809 0.036133 0.032227