0 0.123047 0.816406 0.035156 0.027344
0 0.087402 0.823242 0.028320 0.041016
0 0.048828 0.822266 0.029297 0.027344
0 0.025879 0.849609 0.036133 0.027344
0 0.002441 0.840820 0.004883 0.037109
0 0.069824 0.849121 0.034180 0.022461
0 0.167969 0.850586 0.023438 0.039062
0 0.050781 0.868164 0.027344 0.042969
0 0.108887 0.859863 0.028320 0.028320
0 0.138184 0.856934 0.028320 0.028320
0 0.023438 0.872070 0.017578 0.021484
0 0.010254 0.871582 0.020508 0.040039
0 0.090820 0.895020 0.031250 0.034180
0 0.133301 0.875488 0.032227 0.022461
0 0.165527 0.875488 0.030273 0.026367
0 0.015137 0.916016 0.022461 0.042969
0 0.061523 0.907715 0.027344 0.032227