0 0.114258 0.781250 0.035156 0.027344
0 0.079590 0.786133 0.028320 0.041016
0 0.040039 0.791992 0.029297 0.027344
0 0.018066 0.812500 0.036133 0.027344
0 0.062012 0.816895 0.034180 0.022461
0 0.161133 0.814453 0.023438 0.039062
0 0.042969 0.831055 0.027344 0.042969
0 0.101074 0.822754 0.028320 0.028320
0 0.129395 0.822754 0.028320 0.028320
0 0.010742 0.838379 0.021484 0.040039
0 0.083008 0.857910 0.031250 0.034180
0 0.125488 0.838379 0.032227 0.022461
0 0.156738 0.845215 0.030273 0.026367
0 0.051758 0.876465 0.027344 0.032227
0 0.130371 0.879395 0.036133 0.032227
0 0.008301 0.874023 0.016602 0.021484
0 0.015625 0.890625 0.023438 0.050781
0 0.085449 0.889160 0.032227 0.022461
0 0.270020 0.886719 0.034180 0.035156
0 0.109375 0.899902 0.033203 0.026367
0 0.072266 0.904297 0.031250 0.027344