0 0.088867 0.668945 0.035156 0.027344
0 0.058105 0.677734 0.028320 0.041016
0 0.018555 0.680664 0.029297 0.027344
0 0.007324 0.700195 0.014648 0.027344
0 0.041504 0.702637 0.034180 0.022461
0 0.139648 0.706055 0.023438 0.039062
0 0.017578 0.725586 0.027344 0.042969
0 0.080566 0.716309 0.028320 0.028320
0 0.107910 0.712402 0.028320 0.028320
0 0.004395 0.731934 0.008789 0.040039
0 0.058594 0.748535 0.031250 0.034180
0 0.104004 0.729980 0.032227 0.022461
0 0.130371 0.731934 0.030273 0.026367
0 0.030273 0.764160 0.027344 0.032227
0 0.110840 0.767090 0.036133 0.032227
0 0.005371 0.776367 0.010742 0.050781
0 0.066895 0.780762 0.032227 0.022461
0 0.248535 0.784180 0.034180 0.035156
0 0.087891 0.787598 0.033203 0.026367
0 0.050781 0.791992 0.031250 0.027344
0 0.004883 0.814941 0.009766 0.036133
0 0.035645 0.818359 0.041992 0.025391
0 0.080078 0.819824 0.029297 0.026367
0 0.024902 0.836426 0.040039 0.022461
0 0.354004 0.818359 0.030273 0.033203
0 0.322266 0.831543 0.027344 0.041992
0 0.588867 0.852051 0.035156 0.045898
0 0.141113 0.873535 0.034180 0.045898
0 0.115234 0.884766 0.025391 0.041016
0 0.293457 0.874512 0.041992 0.026367
0 0.615234 0.887695 0.037109 0.039062