0 0.094727 0.686523 0.035156 0.027344
0 0.063965 0.695312 0.028320 0.041016
0 0.024414 0.698242 0.029297 0.027344
0 0.010254 0.717773 0.020508 0.027344
0 0.047363 0.720215 0.034180 0.022461
0 0.145508 0.723633 0.023438 0.039062
0 0.023438 0.743164 0.027344 0.042969
0 0.086426 0.733887 0.028320 0.028320
0 0.113770 0.729980 0.028320 0.028320
0 0.007324 0.749512 0.014648 0.040039
0 0.064453 0.766113 0.031250 0.034180
0 0.109863 0.747559 0.032227 0.022461
0 0.137207 0.750488 0.030273 0.026367
0 0.036133 0.781738 0.027344 0.032227
0 0.116699 0.784668 0.036133 0.032227
0 0.008301 0.793945 0.016602 0.050781
0 0.072754 0.798340 0.032227 0.022461
0 0.254395 0.802734 0.034180 0.035156
0 0.093750 0.805176 0.033203 0.026367
0 0.056641 0.809570 0.031250 0.027344
0 0.007812 0.832520 0.015625 0.036133
0 0.041504 0.835938 0.041992 0.025391
0 0.088867 0.840332 0.029297 0.026367
0 0.030762 0.854004 0.040039 0.022461
0 0.359863 0.835938 0.030273 0.033203
0 0.328125 0.849121 0.027344 0.041992
0 0.592773 0.870605 0.035156 0.045898
0 0.144043 0.896973 0.034180 0.045898
0 0.121094 0.902344 0.025391 0.041016
0 0.293457 0.888184 0.041992 0.026367