0 0.086914 0.657227 0.035156 0.027344
0 0.056152 0.666016 0.028320 0.041016
0 0.016602 0.668945 0.029297 0.027344
0 0.006348 0.688477 0.012695 0.027344
0 0.039551 0.690918 0.034180 0.022461
0 0.137695 0.694336 0.023438 0.039062
0 0.015625 0.713867 0.027344 0.042969
0 0.078613 0.704590 0.028320 0.028320
0 0.105957 0.700684 0.028320 0.028320
0 0.003418 0.720215 0.006836 0.040039
0 0.056641 0.736816 0.031250 0.034180
0 0.102051 0.718262 0.032227 0.022461
0 0.128418 0.720215 0.030273 0.026367
0 0.028320 0.752441 0.027344 0.032227
0 0.108887 0.755371 0.036133 0.032227
0 0.004395 0.764648 0.008789 0.050781
0 0.064941 0.769043 0.032227 0.022461
0 0.246582 0.772461 0.034180 0.035156
0 0.085938 0.775879 0.033203 0.026367
0 0.050781 0.780273 0.031250 0.027344
0 0.003906 0.803223 0.007812 0.036133
0 0.033691 0.806641 0.041992 0.025391
0 0.080078 0.810059 0.029297 0.026367
0 0.022949 0.824707 0.040039 0.022461
0 0.352051 0.806641 0.030273 0.033203
0 0.320312 0.819824 0.027344 0.041992
0 0.586914 0.840332 0.035156 0.045898
0 0.139160 0.861816 0.034180 0.045898
0 0.113281 0.873047 0.025391 0.041016
0 0.291504 0.862793 0.041992 0.026367
0 0.613281 0.875977 0.037109 0.039062