0 0.097656 0.702148 0.035156 0.027344
0 0.063965 0.712891 0.028320 0.041016
0 0.025391 0.714844 0.029297 0.027344
0 0.010254 0.735352 0.020508 0.027344
0 0.047363 0.736816 0.034180 0.022461
0 0.145508 0.737305 0.023438 0.039062
0 0.027344 0.753906 0.027344 0.042969
0 0.085449 0.745605 0.028320 0.028320
0 0.113770 0.745605 0.028320 0.028320
0 0.007324 0.767090 0.014648 0.040039
0 0.065430 0.780762 0.031250 0.034180
0 0.109863 0.765137 0.032227 0.022461
0 0.141113 0.763184 0.030273 0.026367
0 0.038086 0.801270 0.027344 0.032227
0 0.116699 0.802246 0.036133 0.032227
0 0.008301 0.811523 0.016602 0.050781
0 0.072754 0.815918 0.032227 0.022461
0 0.254395 0.820312 0.034180 0.035156
0 0.093750 0.822754 0.033203 0.026367
0 0.056641 0.827148 0.031250 0.027344
0 0.007812 0.850098 0.015625 0.036133
0 0.041504 0.851562 0.041992 0.025391
0 0.091797 0.854980 0.029297 0.026367
0 0.027832 0.869629 0.040039 0.022461
0 0.359863 0.853516 0.030273 0.033203
0 0.328125 0.866699 0.027344 0.041992
0 0.592773 0.888184 0.035156 0.045898
0 0.139160 0.912598 0.034180 0.045898