0 0.124023 0.820312 0.035156 0.027344
0 0.088379 0.827148 0.028320 0.041016
0 0.049805 0.826172 0.029297 0.027344
0 0.026855 0.853516 0.036133 0.027344
0 0.002930 0.844727 0.005859 0.037109
0 0.070801 0.853027 0.034180 0.022461
0 0.168945 0.854492 0.023438 0.039062
0 0.051758 0.872070 0.027344 0.042969
0 0.109863 0.863770 0.028320 0.028320
0 0.139160 0.860840 0.028320 0.028320
0 0.024414 0.875977 0.017578 0.021484
0 0.010742 0.875488 0.021484 0.040039
0 0.091797 0.898926 0.031250 0.034180
0 0.134277 0.879395 0.032227 0.022461
0 0.166504 0.879395 0.030273 0.026367
0 0.016113 0.919922 0.022461 0.042969
0 0.062500 0.911621 0.027344 0.032227