0 0.110352 0.769531 0.035156 0.027344
0 0.075684 0.774414 0.028320 0.041016
0 0.036133 0.780273 0.029297 0.027344
0 0.016113 0.800781 0.032227 0.027344
0 0.058105 0.805176 0.034180 0.022461
0 0.157227 0.802734 0.023438 0.039062
0 0.039062 0.819336 0.027344 0.042969
0 0.097168 0.811035 0.028320 0.028320
0 0.125488 0.811035 0.028320 0.028320
0 0.008789 0.826660 0.017578 0.040039
0 0.079102 0.846191 0.031250 0.034180
0 0.121582 0.826660 0.032227 0.022461
0 0.152832 0.833496 0.030273 0.026367
0 0.047852 0.864746 0.027344 0.032227
0 0.126465 0.867676 0.036133 0.032227
0 0.006348 0.862305 0.012695 0.021484
0 0.011719 0.878906 0.023438 0.050781
0 0.081543 0.877441 0.032227 0.022461
0 0.266113 0.885742 0.034180 0.035156
0 0.105469 0.888184 0.033203 0.026367
0 0.068359 0.892578 0.031250 0.027344
0 0.015625 0.914551 0.027344 0.036133