0 0.534961 0.226270 0.079688 0.072656
0 0.642285 0.467187 0.060742 0.063672
0 0.828027 0.273291 0.065820 0.063184
0 0.966943 0.176855 0.064160 0.065430
0 0.507910 0.438281 0.058984 0.058789
0 0.938281 0.319287 0.068164 0.071191
0 0.845898 0.214551 0.076172 0.059961
0 0.657275 0.317432 0.061816 0.053223
0 0.900781 0.202295 0.058984 0.051074
0 0.885254 0.134131 0.075000 0.063379
0 0.691895 0.337891 0.075195 0.057031
0 0.841260 0.338770 0.060254 0.065234
0 0.792529 0.341260 0.068262 0.056543
0 0.547510 0.477734 0.059082 0.054492
0 0.941553 0.118994 0.066504 0.053223