0 0.903857 0.193994 0.063184 0.064746
0 0.532031 0.543848 0.073633 0.065820
0 0.920215 0.434521 0.070508 0.061230
0 0.969189 0.308984 0.057324 0.060547
0 0.814697 0.403760 0.075293 0.070605
0 0.811377 0.583887 0.058691 0.056641
0 0.827002 0.532373 0.069043 0.058496
0 0.949121 0.495361 0.072070 0.066504
0 0.864404 0.453125 0.068457 0.064063
0 0.627588 0.764502 0.058887 0.067285
0 0.506201 0.736230 0.058105 0.055664
0 0.860107 0.405322 0.059277 0.061621
0 0.914209 0.630859 0.065527 0.072656
0 0.646436 0.625146 0.063379 0.055371
0 0.879297 0.518652 0.058984 0.051953
0 0.543555 0.776270 0.054102 0.050586
0 0.682813 0.648584 0.070703 0.054980