1418,1808,207,80,47,32,1.00,49,0.50,Sus scrofa (Wild boar),0,0,0
1428,1808,231,98,47,32,1.00,49,0.50,Sus scrofa (Wild boar),0,0,0
1438,1808,254,116,47,32,1.00,49,0.50,Sus scrofa (Wild boar),0,0,0
1458,1808,293,143,47,32,1.00,49,0.50,Sus scrofa (Wild boar),0,0,0
1468,1808,316,160,47,32,1.00,49,0.50,Sus scrofa (Wild boar),0,0,0
1468,1809,269,99,24,33,1.00,49,0.50,Sus scrofa (Wild boar),0,0,0
1478,1808,339,177,47,32,1.00,49,0.50,Sus scrofa (Wild boar),0,0,0
1478,1809,292,112,24,33,1.00,49,0.50,Sus scrofa (Wild boar),0,0,0
1498,1808,380,206,47,32,1.00,49,0.50,Sus scrofa (Wild boar),0,0,0
1498,1809,336,147,24,33,1.00,49,0.50,Sus scrofa (Wild boar),0,0,0
1518,1808,421,239,47,32,1.00,49,0.50,Sus scrofa (Wild boar),0,0,0
1518,1809,377,180,24,33,1.00,49,0.50,Sus scrofa (Wild boar),0,0,0
1538,1808,455,274,47,32,1.00,49,0.50,Sus scrofa (Wild boar),0,0,0
1538,1809,411,215,24,33,1.00,49,0.50,Sus scrofa (Wild boar),0,0,0
1558,1808,468,297,47,32,1.00,49,0.50,Sus scrofa (Wild boar),0,0,0
1558,1809,424,238,24,33,1.00,49,0.50,Sus scrofa (Wild boar),0,0,0
1578,1808,460,318,47,32,1.00,49,0.50,Sus scrofa (Wild boar),0,0,0
1578,1809,416,259,24,33,1.00,49,0.50,Sus scrofa (Wild boar),0,0,0
1598,1808,431,359,47,32,1.00,49,0.50,Sus scrofa (Wild boar),0,0,0
1598,1809,387,300,24,33,1.00,49,0.50,Sus scrofa (Wild boar),0,0,0
1618,1808,399,401,47,32,1.00,49,0.50,Sus scrofa (Wild boar),0,0,0
1618,1809,355,342,24,33,1.00,49,0.50,Sus scrofa (Wild boar),0,0,0
1638,1808,368,445,47,32,1.00,49,0.50,Sus scrofa (Wild boar),0,0,0
1638,1809,324,386,24,33,1.00,49,0.50,Sus scrofa (Wild boar),0,0,0
1658,1808,334,486,47,32,1.00,49,0.50,Sus scrofa (Wild boar),0,0,0
1658,1809,290,427,24,33,1.00,49,0.50,Sus scrofa (Wild boar),0,0,0
1678,1808,305,525,47,32,1.00,49,0.50,Sus scrofa (Wild boar),0,0,0
1678,1809,261,466,24,33,1.00,49,0.50,Sus scrofa (Wild boar),0,0,0
1688,1808,291,543,47,32,1.00,49,0.50,Sus scrofa (Wild boar),0,0,0
1688,1809,247,484,24,33,1.00,49,0.50,Sus scrofa (Wild boar),0,0,0
1698,1808,275,564,47,32,1.00,49,0.50,Sus scrofa (Wild boar),0,0,0
1698,1809,231,505,24,33,1.00,49,0.50,Sus scrofa (Wild boar),0,0,0
1718,1808,243,604,47,32,1.00,49,0.50,Sus scrofa (Wild boar),0,0,0
1718,1809,199,545,24,33,1.00,49,0.50,Sus scrofa (Wild boar),0,0,0
1748,1808,201,632,47,32,1.00,49,0.50,Sus scrofa (Wild boar),0,0,0
1748,1809,157,573,24,33,1.00,49,0.50,Sus scrofa (Wild boar),0,0,0
1768,1808,183,628,47,32,1.00,49,0.50,Sus scrofa (Wild boar),0,0,0
1768,1809,139,569,24,33,1.00,49,0.50,Sus scrofa (Wild boar),0,0,0
1788,1808,153,609,47,32,1.00,49,0.50,Sus scrofa (Wild boar),0,0,0
1788,1809,109,550,24,33,1.00,49,0.50,Sus scrofa (Wild boar),0,0,0
1808,1808,106,576,47,32,1.00,49,0.50,Sus scrofa (Wild boar),0,0,0
1808,1809,63,514,24,33,1.00,49,0.50,Sus scrofa (Wild boar),0,0,0
1828,1808,72,549,47,32,1.00,49,0.50,Sus scrofa (Wild boar),0,0,0
1828,1809,24,489,24,33,1.00,49,0.50,Sus scrofa (Wild boar),0,0,0
1848,1808,32,518,47,32,1.00,49,0.50,Sus scrofa (Wild boar),0,0,0
1848,1809,0,458,8,33,1.00,49,0.50,Sus scrofa (Wild boar),0,0,0
1868,1808,0,490,39,32,1.00,49,0.50,Sus scrofa (Wild boar),0,0,0
1872,1808,0,480,24,32,1.00,49,0.50,Sus scrofa (Wild boar),0,0,0
2874,1810,1004,693,20,38,1.00,24,0.50,Homo sapiens (Human),0,2,0
2874,1811,1006,641,18,41,1.00,44,0.50,Canis lupus familiaris (Dog),0,2,0
2875,1810,1002,691,22,38,1.00,24,0.50,Homo sapiens (Human),0,2,0
2889,1810,967,669,38,38,1.00,24,0.50,Homo sapiens (Human),0,2,0
2889,1811,976,618,32,41,1.00,44,0.50,Canis lupus familiaris (Dog),0,2,0
2899,1810,949,654,38,38,1.00,24,0.50,Homo sapiens (Human),0,2,0
2899,1811,958,603,32,41,1.00,44,0.50,Canis lupus familiaris (Dog),0,2,0
2919,1810,903,619,38,38,1.00,24,0.50,Homo sapiens (Human),0,2,0
2919,1811,912,568,32,41,1.00,44,0.50,Canis lupus familiaris (Dog),0,2,0
2939,1810,859,588,38,38,1.00,24,0.50,Homo sapiens (Human),0,2,0
2939,1811,861,538,32,41,1.00,44,0.50,Canis lupus familiaris (Dog),0,2,0
2959,1810,810,566,34,30,1.00,24,0.50,Homo sapiens (Human),0,2,0
2959,1811,799,530,32,41,1.00,44,0.50,Canis lupus familiaris (Dog),0,2,0
2979,1810,758,547,34,30,1.00,24,0.50,Homo sapiens (Human),0,2,0
2979,1811,732,528,32,41,1.00,44,0.50,Canis lupus familiaris (Dog),0,2,0
2992,1811,685,533,32,41,1.00,44,0.50,Canis lupus familiaris (Dog),0,2,0
2993,1811,687,533,32,41,1.00,44,0.50,Canis lupus familiaris (Dog),0,2,0
2994,1810,721,546,34,30,1.00,24,0.50,Homo sapiens (Human),0,2,0
2999,1810,709,545,34,30,1.00,24,0.50,Homo sapiens (Human),0,2,0
2999,1811,672,536,32,41,1.00,44,0.50,Canis lupus familiaris (Dog),0,2,0
3019,1810,659,558,34,30,1.00,24,0.50,Homo sapiens (Human),0,2,0
3019,1811,628,554,32,41,1.00,44,0.50,Canis lupus familiaris (Dog),0,2,0
3039,1810,606,581,34,30,1.00,24,0.50,Homo sapiens (Human),0,2,0
3039,1811,577,588,32,41,1.00,44,0.50,Canis lupus familiaris (Dog),0,2,0
3059,1810,530,615,34,30,1.00,24,0.50,Homo sapiens (Human),0,2,0
3059,1811,510,624,32,41,1.00,44,0.50,Canis lupus familiaris (Dog),0,2,0
3079,1810,466,644,34,30,1.00,24,0.50,Homo sapiens (Human),0,2,0
3079,1811,446,653,32,41,1.00,44,0.50,Canis lupus familiaris (Dog),0,2,0
3099,1810,410,666,34,30,1.00,24,0.50,Homo sapiens (Human),0,2,0
3099,1811,385,671,32,41,1.00,44,0.50,Canis lupus familiaris (Dog),0,2,0
3103,1810,398,670,34,31,1.00,24,0.50,Homo sapiens (Human),0,2,0
3103,1811,370,676,33,39,1.00,44,0.50,Canis lupus familiaris (Dog),0,2,0
3119,1810,348,686,36,36,1.00,24,0.50,Homo sapiens (Human),0,2,0
3119,1811,321,699,38,31,1.00,44,0.50,Canis lupus familiaris (Dog),0,2,0
3129,1810,321,699,36,36,1.00,24,0.50,Homo sapiens (Human),0,2,0
3129,1811,287,703,38,31,1.00,44,0.50,Canis lupus familiaris (Dog),0,2,0
3139,1810,292,717,36,36,1.00,24,0.50,Homo sapiens (Human),0,2,0
3139,1811,268,712,38,31,1.00,44,0.50,Canis lupus familiaris (Dog),0,2,0
3159,1810,235,747,36,36,1.00,24,0.50,Homo sapiens (Human),0,2,0
3159,1811,222,738,38,31,1.00,44,0.50,Canis lupus familiaris (Dog),0,2,0
3163,1810,233,747,36,36,1.00,24,0.50,Homo sapiens (Human),0,2,0
3163,1811,222,738,38,31,1.00,44,0.50,Canis lupus familiaris (Dog),0,2,0
3208,1812,247,207,33,32,1.00,53,0.50,Sus scrofa (Wild boar),0,2,0
3208,1813,331,88,37,31,1.00,53,0.50,Sus scrofa (Wild boar),0,2,0
3228,1812,247,219,33,32,1.00,53,0.50,Sus scrofa (Wild boar),0,2,0
3228,1813,318,103,37,31,1.00,53,0.50,Sus scrofa (Wild boar),0,2,0
3248,1812,262,234,33,32,1.00,53,0.50,Sus scrofa (Wild boar),0,2,0
3248,1813,330,129,37,31,1.00,53,0.50,Sus scrofa (Wild boar),0,2,0
3258,1812,278,249,33,32,1.00,53,0.50,Sus scrofa (Wild boar),0,2,0
3258,1813,339,144,37,31,1.00,53,0.50,Sus scrofa (Wild boar),0,2,0
3258,1814,394,85,38,37,1.00,53,0.50,Sus scrofa (Wild boar),0,2,0
3278,1812,318,278,33,32,1.00,53,0.50,Sus scrofa (Wild boar),0,2,0
3278,1813,370,181,37,31,1.00,53,0.50,Sus scrofa (Wild boar),0,2,0
3278,1814,431,119,38,37,1.00,53,0.50,Sus scrofa (Wild boar),0,2,0
3298,1812,350,304,33,32,1.00,53,0.50,Sus scrofa (Wild boar),0,2,0
3298,1813,402,207,37,31,1.00,53,0.50,Sus scrofa (Wild boar),0,2,0
3298,1814,464,157,38,37,1.00,53,0.50,Sus scrofa (Wild boar),0,2,0
3298,1815,496,85,32,35,1.00,53,0.50,Sus scrofa (Wild boar),0,2,0
3318,1812,386,331,33,32,1.00,53,0.50,Sus scrofa (Wild boar),0,2,0
3318,1813,438,234,37,31,1.00,53,0.50,Sus scrofa (Wild boar),0,2,0
3318,1814,492,184,38,37,1.00,53,0.50,Sus scrofa (Wild boar),0,2,0
3318,1815,540,117,32,35,1.00,53,0.50,Sus scrofa (Wild boar),0,2,0
3338,1812,426,363,33,32,1.00,53,0.50,Sus scrofa (Wild boar),0,2,0
3338,1813,478,266,37,31,1.00,53,0.50,Sus scrofa (Wild boar),0,2,0
3338,1814,523,224,38,37,1.00,53,0.50,Sus scrofa (Wild boar),0,2,0
3338,1815,580,149,32,35,1.00,53,0.50,Sus scrofa (Wild boar),0,2,0
3358,1812,464,388,33,32,1.00,53,0.50,Sus scrofa (Wild boar),0,2,0
3358,1813,514,291,37,31,1.00,53,0.50,Sus scrofa (Wild boar),0,2,0
3358,1814,554,259,38,37,1.00,53,0.50,Sus scrofa (Wild boar),0,2,0
3358,1815,613,184,32,35,1.00,53,0.50,Sus scrofa (Wild boar),0,2,0
3368,1816,736,137,35,34,1.00,53,0.50,Sus scrofa (Wild boar),0,2,0
3378,1812,503,420,33,32,1.00,53,0.50,Sus scrofa (Wild boar),0,2,0
3378,1813,553,323,37,31,1.00,53,0.50,Sus scrofa (Wild boar),0,2,0
3378,1814,588,293,38,37,1.00,53,0.50,Sus scrofa (Wild boar),0,2,0
3378,1815,652,216,32,35,1.00,53,0.50,Sus scrofa (Wild boar),0,2,0
3378,1816,756,150,35,34,1.00,53,0.50,Sus scrofa (Wild boar),0,2,0
3398,1812,541,449,33,32,1.00,53,0.50,Sus scrofa (Wild boar),0,2,0
3398,1813,588,348,37,31,1.00,53,0.50,Sus scrofa (Wild boar),0,2,0
3398,1814,620,324,38,37,1.00,53,0.50,Sus scrofa (Wild boar),0,2,0
3398,1815,689,254,32,35,1.00,53,0.50,Sus scrofa (Wild boar),0,2,0
3398,1816,794,179,35,34,1.00,53,0.50,Sus scrofa (Wild boar),0,2,0
3408,1812,559,463,33,32,1.00,53,0.50,Sus scrofa (Wild boar),0,2,0
3408,1813,606,362,37,31,1.00,53,0.50,Sus scrofa (Wild boar),0,2,0
3408,1814,638,343,38,37,1.00,53,0.50,Sus scrofa (Wild boar),0,2,0
3408,1815,701,271,32,35,1.00,53,0.50,Sus scrofa (Wild boar),0,2,0
3418,1816,828,209,35,34,1.00,53,0.50,Sus scrofa (Wild boar),0,2,0
3428,1812,595,488,33,32,1.00,53,0.50,Sus scrofa (Wild boar),0,2,0
3428,1813,642,387,37,31,1.00,53,0.50,Sus scrofa (Wild boar),0,2,0
3428,1814,674,368,38,37,1.00,53,0.50,Sus scrofa (Wild boar),0,2,0
3428,1815,728,308,32,35,1.00,53,0.50,Sus scrofa (Wild boar),0,2,0
3438,1812,615,502,33,32,1.00,53,0.50,Sus scrofa (Wild boar),0,2,0
3438,1813,662,401,37,31,1.00,53,0.50,Sus scrofa (Wild boar),0,2,0
3438,1814,694,382,38,37,1.00,53,0.50,Sus scrofa (Wild boar),0,2,0
3438,1815,748,330,32,35,1.00,53,0.50,Sus scrofa (Wild boar),0,2,0
3438,1816,867,236,35,34,1.00,53,0.50,Sus scrofa (Wild boar),0,2,0
3458,1812,651,529,33,32,1.00,53,0.50,Sus scrofa (Wild boar),0,2,0
3458,1813,701,432,37,31,1.00,53,0.50,Sus scrofa (Wild boar),0,2,0
3458,1814,720,410,38,37,1.00,53,0.50,Sus scrofa (Wild boar),0,2,0
3458,1815,771,363,32,35,1.00,53,0.50,Sus scrofa (Wild boar),0,2,0
3468,1816,925,280,35,34,1.00,53,0.50,Sus scrofa (Wild boar),0,2,0
3478,1812,687,560,33,32,1.00,53,0.50,Sus scrofa (Wild boar),0,2,0
3478,1813,734,457,33,35,1.00,53,0.50,Sus scrofa (Wild boar),0,2,0
3478,1814,759,446,38,37,1.00,53,0.50,Sus scrofa (Wild boar),0,2,0
3478,1815,802,404,32,35,1.00,53,0.50,Sus scrofa (Wild boar),0,2,0
3488,1816,962,301,35,34,1.00,53,0.50,Sus scrofa (Wild boar),0,2,0
3498,1812,721,590,33,32,1.00,53,0.50,Sus scrofa (Wild boar),0,2,0
3498,1813,776,485,33,35,1.00,53,0.50,Sus scrofa (Wild boar),0,2,0
3498,1814,791,478,38,37,1.00,53,0.50,Sus scrofa (Wild boar),0,2,0
3498,1815,832,442,32,35,1.00,53,0.50,Sus scrofa (Wild boar),0,2,0
3508,1816,995,332,29,34,1.00,53,0.50,Sus scrofa (Wild boar),0,2,0
3518,1812,752,625,33,32,1.00,53,0.50,Sus scrofa (Wild boar),0,2,0
3518,1813,811,514,33,35,1.00,53,0.50,Sus scrofa (Wild boar),0,2,0
3518,1814,823,513,38,37,1.00,53,0.50,Sus scrofa (Wild boar),0,2,0
3518,1815,856,477,32,35,1.00,53,0.50,Sus scrofa (Wild boar),0,2,0
3538,1812,789,654,33,32,1.00,53,0.50,Sus scrofa (Wild boar),0,2,0
3538,1813,852,542,33,35,1.00,53,0.50,Sus scrofa (Wild boar),0,2,0
3538,1814,862,550,38,37,1.00,53,0.50,Sus scrofa (Wild boar),0,2,0
3538,1815,890,505,32,35,1.00,53,0.50,Sus scrofa (Wild boar),0,2,0
3558,1812,830,687,33,32,1.00,53,0.50,Sus scrofa (Wild boar),0,2,0
3558,1813,886,567,33,35,1.00,53,0.50,Sus scrofa (Wild boar),0,2,0
3558,1814,889,581,38,37,1.00,53,0.50,Sus scrofa (Wild boar),0,2,0
3558,1815,919,542,32,35,1.00,53,0.50,Sus scrofa (Wild boar),0,2,0
3578,1812,867,719,33,32,1.00,53,0.50,Sus scrofa (Wild boar),0,2,0
3578,1813,924,598,33,35,1.00,53,0.50,Sus scrofa (Wild boar),0,2,0
3578,1814,920,617,38,37,1.00,53,0.50,Sus scrofa (Wild boar),0,2,0
3578,1815,956,578,32,35,1.00,53,0.50,Sus scrofa (Wild boar),0,2,0
3598,1812,902,747,33,32,1.00,53,0.50,Sus scrofa (Wild boar),0,2,0
3598,1813,960,622,33,35,1.00,53,0.50,Sus scrofa (Wild boar),0,2,0
3598,1814,956,639,38,37,1.00,53,0.50,Sus scrofa (Wild boar),0,2,0
3598,1815,989,613,32,35,1.00,53,0.50,Sus scrofa (Wild boar),0,2,0
3618,1812,939,775,33,32,1.00,53,0.50,Sus scrofa (Wild boar),0,2,0
3618,1813,997,650,27,35,1.00,53,0.50,Sus scrofa (Wild boar),0,2,0
3618,1814,993,667,31,37,1.00,53,0.50,Sus scrofa (Wild boar),0,2,0
3628,1812,953,799,33,32,1.00,53,0.50,Sus scrofa (Wild boar),0,2,0
3628,1813,1011,674,13,35,1.00,53,0.50,Sus scrofa (Wild boar),0,2,0
3628,1814,1007,691,17,37,1.00,53,0.50,Sus scrofa (Wild boar),0,2,0
3638,1812,970,815,33,32,1.00,53,0.50,Sus scrofa (Wild boar),0,2,0
3648,1812,986,831,33,32,1.00,53,0.50,Sus scrofa (Wild boar),0,2,0
5107,1817,378,892,33,36,1.00,53,0.50,Sus scrofa (Wild boar),0,2,0
5127,1817,343,869,33,36,1.00,53,0.50,Sus scrofa (Wild boar),0,2,0
5147,1817,315,843,33,36,1.00,53,0.50,Sus scrofa (Wild boar),0,2,0
5167,1817,278,815,33,36,1.00,53,0.50,Sus scrofa (Wild boar),0,2,0
5177,1817,261,808,33,36,1.00,53,0.50,Sus scrofa (Wild boar),0,2,0
5177,1818,372,892,26,30,1.00,53,0.50,Sus scrofa (Wild boar),0,2,0
5197,1817,228,777,33,36,1.00,53,0.50,Sus scrofa (Wild boar),0,2,0
5197,1818,337,873,26,38,1.00,53,0.50,Sus scrofa (Wild boar),0,2,0
5197,1819,282,885,34,34,1.00,53,0.50,Sus scrofa (Wild boar),0,2,0
5217,1817,195,753,33,36,1.00,53,0.50,Sus scrofa (Wild boar),0,2,0
5217,1818,300,855,26,38,1.00,53,0.50,Sus scrofa (Wild boar),0,2,0
5217,1819,244,864,34,34,1.00,53,0.50,Sus scrofa (Wild boar),0,2,0
5227,1817,179,745,33,36,1.00,53,0.50,Sus scrofa (Wild boar),0,2,0
5227,1818,284,847,26,38,1.00,53,0.50,Sus scrofa (Wild boar),0,2,0
5227,1819,228,856,34,34,1.00,53,0.50,Sus scrofa (Wild boar),0,2,0
5227,1820,218,896,33,29,1.00,53,0.50,Sus scrofa (Wild boar),0,2,0
5247,1817,140,719,33,36,1.00,53,0.50,Sus scrofa (Wild boar),0,2,0
5247,1818,244,825,26,38,1.00,53,0.50,Sus scrofa (Wild boar),0,2,0
5247,1819,195,826,34,34,1.00,53,0.50,Sus scrofa (Wild boar),0,2,0
5247,1820,181,874,33,29,1.00,53,0.50,Sus scrofa (Wild boar),0,2,0
5267,1817,98,698,33,36,1.00,53,0.50,Sus scrofa (Wild boar),0,2,0
5267,1818,202,811,26,38,1.00,53,0.50,Sus scrofa (Wild boar),0,2,0
5267,1819,159,796,34,34,1.00,53,0.50,Sus scrofa (Wild boar),0,2,0
5267,1820,139,853,33,29,1.00,53,0.50,Sus scrofa (Wild boar),0,2,0
5287,1817,63,679,33,36,1.00,53,0.50,Sus scrofa (Wild boar),0,2,0
5287,1818,165,793,26,38,1.00,53,0.50,Sus scrofa (Wild boar),0,2,0
5287,1819,122,768,34,34,1.00,53,0.50,Sus scrofa (Wild boar),0,2,0
5287,1820,97,834,33,29,1.00,53,0.50,Sus scrofa (Wild boar),0,2,0
5307,1817,30,652,33,36,1.00,53,0.50,Sus scrofa (Wild boar),0,2,0
5307,1818,123,773,26,38,1.00,53,0.50,Sus scrofa (Wild boar),0,2,0
5307,1819,85,742,34,34,1.00,53,0.50,Sus scrofa (Wild boar),0,2,0
5307,1820,56,816,33,29,1.00,53,0.50,Sus scrofa (Wild boar),0,2,0
5317,1817,10,633,33,36,1.00,53,0.50,Sus scrofa (Wild boar),0,2,0
5317,1818,103,754,26,38,1.00,53,0.50,Sus scrofa (Wild boar),0,2,0
5317,1819,65,723,34,34,1.00,53,0.50,Sus scrofa (Wild boar),0,2,0
5317,1820,36,797,33,29,1.00,53,0.50,Sus scrofa (Wild boar),0,2,0
5337,1819,25,691,34,34,1.00,53,0.50,Sus scrofa (Wild boar),0,2,0
5357,1819,0,665,22,34,1.00,53,0.50,Sus scrofa (Wild boar),0,2,0
