2928,297,498,136,33,37,1.00,24,0.50,Capra ibex (Alpine ibex),0,2,0
2948,297,450,127,33,37,1.00,24,0.50,Capra ibex (Alpine ibex),0,2,0
2978,297,388,127,33,37,1.00,24,0.50,Capra ibex (Alpine ibex),0,2,0
2998,297,342,126,33,37,1.00,24,0.50,Capra ibex (Alpine ibex),0,2,0
3048,297,241,124,33,37,1.00,24,0.50,Capra ibex (Alpine ibex),0,2,0
3068,297,196,128,33,37,1.00,24,0.50,Capra ibex (Alpine ibex),0,2,0
3088,297,154,125,33,37,1.00,24,0.50,Capra ibex (Alpine ibex),0,2,0
3108,297,119,129,33,37,1.00,24,0.50,Capra ibex (Alpine ibex),0,2,0
3128,297,77,131,33,37,1.00,24,0.50,Capra ibex (Alpine ibex),0,2,0
3144,298,1000,463,24,45,1.00,28,1.00,Aves (Bird),0,0,0
3148,297,43,133,33,37,1.00,24,0.50,Capra ibex (Alpine ibex),0,2,0
3154,297,31,133,33,37,1.00,24,0.50,Capra ibex (Alpine ibex),0,2,0
3161,297,16,133,33,37,1.00,24,0.50,Capra ibex (Alpine ibex),0,2,0
3164,298,897,463,37,45,1.00,28,1.00,Aves (Bird),0,0,0
3171,297,0,133,29,37,1.00,24,0.50,Capra ibex (Alpine ibex),0,2,0
3184,298,798,457,37,45,1.00,28,1.00,Aves (Bird),0,0,0
3204,298,698,464,37,45,1.00,28,1.00,Aves (Bird),0,0,0
3224,298,602,457,37,45,1.00,28,1.00,Aves (Bird),0,0,0
3244,298,506,460,37,45,1.00,28,1.00,Aves (Bird),0,0,0
3264,298,412,459,37,45,1.00,28,1.00,Aves (Bird),0,0,0
3284,298,320,461,37,45,1.00,28,1.00,Aves (Bird),0,0,0
3304,298,231,455,37,45,1.00,28,1.00,Aves (Bird),0,0,0
3313,298,192,457,37,45,1.00,28,1.00,Aves (Bird),0,0,0
3324,298,144,451,37,45,1.00,28,1.00,Aves (Bird),0,0,0
3344,298,55,448,37,45,1.00,28,1.00,Aves (Bird),0,0,0
3356,298,0,454,36,45,1.00,28,1.00,Aves (Bird),0,0,0
6843,302,2,518,37,34,1.00,23,1.00,Capra ibex (Alpine ibex),0,2,0
6860,302,38,514,37,34,1.00,23,1.00,Capra ibex (Alpine ibex),0,2,0
6860,303,0,355,34,39,1.00,20,0.50,Capra ibex (Alpine ibex),0,0,0
6880,302,81,516,37,34,1.00,23,1.00,Capra ibex (Alpine ibex),0,2,0
6880,303,42,357,35,39,1.00,20,0.50,Capra ibex (Alpine ibex),0,0,0
6880,304,0,190,24,42,1.00,19,1.00,Capra ibex (Alpine ibex),0,0,0
6880,305,11,466,33,23,1.00,22,0.50,Capra ibex (Alpine ibex),0,1,0
6896,301,3,432,33,43,1.00,24,0.50,Capra ibex (Alpine ibex),0,2,0
6896,302,115,515,37,34,1.00,23,1.00,Capra ibex (Alpine ibex),0,2,0
6896,303,71,351,35,39,1.00,20,0.50,Capra ibex (Alpine ibex),0,0,0
6896,304,24,189,29,42,1.00,19,1.00,Capra ibex (Alpine ibex),0,0,0
6896,305,40,465,33,23,1.00,22,0.50,Capra ibex (Alpine ibex),0,1,0
6896,307,13,371,17,16,1.00,22,0.50,Capra ibex (Alpine ibex),0,1,0
6896,308,16,383,18,18,1.00,22,0.50,Capra ibex (Alpine ibex),0,1,0
6906,299,0,384,36,39,1.00,26,0.50,Capra ibex (Alpine ibex),2,2,0
6906,301,20,429,33,43,1.00,24,0.50,Capra ibex (Alpine ibex),0,2,0
6906,302,132,512,37,34,1.00,23,1.00,Capra ibex (Alpine ibex),0,2,0
6906,303,88,348,35,39,1.00,20,0.50,Capra ibex (Alpine ibex),0,0,0
6906,304,41,186,29,42,1.00,19,1.00,Capra ibex (Alpine ibex),0,0,0
6906,305,57,462,33,23,1.00,22,0.50,Capra ibex (Alpine ibex),0,1,0
6906,306,14,316,23,30,1.00,22,0.50,Capra ibex (Alpine ibex),0,1,0
6906,307,30,368,17,16,1.00,22,0.50,Capra ibex (Alpine ibex),0,1,0
6906,308,33,380,18,18,1.00,22,0.50,Capra ibex (Alpine ibex),0,1,0
6916,299,16,384,40,39,1.00,26,0.50,Capra ibex (Alpine ibex),2,2,0
6926,299,35,384,40,39,1.00,26,0.50,Capra ibex (Alpine ibex),2,2,0
6926,300,8,562,33,36,1.00,24,0.50,Capra ibex (Alpine ibex),0,2,0
6926,301,59,429,33,43,1.00,24,0.50,Capra ibex (Alpine ibex),0,2,0
6926,302,177,517,37,34,1.00,23,1.00,Capra ibex (Alpine ibex),0,2,0
6926,303,127,348,35,39,1.00,20,0.50,Capra ibex (Alpine ibex),0,0,0
6926,304,80,186,29,42,1.00,19,1.00,Capra ibex (Alpine ibex),0,0,0
6926,305,96,462,33,23,1.00,22,0.50,Capra ibex (Alpine ibex),0,1,0
6926,306,52,313,23,30,1.00,22,0.50,Capra ibex (Alpine ibex),0,1,0
6926,307,69,368,17,16,1.00,22,0.50,Capra ibex (Alpine ibex),0,1,0
6926,308,71,379,18,18,1.00,22,0.50,Capra ibex (Alpine ibex),0,1,0
6946,299,73,384,40,39,1.00,26,0.50,Capra ibex (Alpine ibex),2,2,0
6946,300,46,562,33,36,1.00,24,0.50,Capra ibex (Alpine ibex),0,2,0
6946,301,97,429,33,43,1.00,24,0.50,Capra ibex (Alpine ibex),0,2,0
6946,302,220,515,37,34,1.00,23,1.00,Capra ibex (Alpine ibex),0,2,0
6946,303,166,340,35,39,1.00,20,0.50,Capra ibex (Alpine ibex),0,0,0
6946,304,118,186,29,42,1.00,19,1.00,Capra ibex (Alpine ibex),0,0,0
6946,305,134,462,33,23,1.00,22,0.50,Capra ibex (Alpine ibex),0,1,0
6946,306,86,313,23,30,1.00,22,0.50,Capra ibex (Alpine ibex),0,1,0
6946,307,107,368,17,16,1.00,22,0.50,Capra ibex (Alpine ibex),0,1,0
6946,308,109,379,18,18,1.00,22,0.50,Capra ibex (Alpine ibex),0,1,0
6966,299,116,386,40,39,1.00,26,0.50,Capra ibex (Alpine ibex),2,2,0
6966,300,89,564,33,36,1.00,24,0.50,Capra ibex (Alpine ibex),0,2,0
6966,301,140,431,33,43,1.00,24,0.50,Capra ibex (Alpine ibex),0,2,0
6966,302,263,517,37,34,1.00,23,1.00,Capra ibex (Alpine ibex),0,2,0
6966,303,204,336,35,39,1.00,20,0.50,Capra ibex (Alpine ibex),0,0,0
6966,304,157,185,29,42,1.00,19,1.00,Capra ibex (Alpine ibex),0,0,0
6966,305,177,464,33,23,1.00,22,0.50,Capra ibex (Alpine ibex),0,1,0
6966,306,122,311,23,30,1.00,22,0.50,Capra ibex (Alpine ibex),0,1,0
6966,307,146,365,17,16,1.00,22,0.50,Capra ibex (Alpine ibex),0,1,0
6966,308,147,374,18,18,1.00,22,0.50,Capra ibex (Alpine ibex),0,1,0
6976,299,134,386,40,39,1.00,26,0.50,Capra ibex (Alpine ibex),2,2,0
6976,300,107,564,33,36,1.00,24,0.50,Capra ibex (Alpine ibex),0,2,0
6976,301,158,431,33,43,1.00,24,0.50,Capra ibex (Alpine ibex),0,2,0
6976,302,284,517,37,34,1.00,23,1.00,Capra ibex (Alpine ibex),0,2,0
6976,303,222,336,35,39,1.00,20,0.50,Capra ibex (Alpine ibex),0,0,0
6976,304,180,182,29,42,1.00,19,1.00,Capra ibex (Alpine ibex),0,0,0
6976,305,197,464,33,23,1.00,22,0.50,Capra ibex (Alpine ibex),0,1,0
6976,306,140,311,23,30,1.00,22,0.50,Capra ibex (Alpine ibex),0,1,0
6976,307,164,365,17,16,1.00,22,0.50,Capra ibex (Alpine ibex),0,1,0
6976,308,165,374,18,18,1.00,22,0.50,Capra ibex (Alpine ibex),0,1,0
6996,299,175,387,40,39,1.00,26,0.50,Capra ibex (Alpine ibex),2,2,0
6996,300,148,565,33,36,1.00,24,0.50,Capra ibex (Alpine ibex),0,2,0
6996,301,199,432,33,43,1.00,24,0.50,Capra ibex (Alpine ibex),0,2,0
6996,302,331,518,37,34,1.00,23,1.00,Capra ibex (Alpine ibex),0,2,0
6996,303,261,331,35,39,1.00,20,0.50,Capra ibex (Alpine ibex),0,0,0
6996,304,213,180,29,42,1.00,19,1.00,Capra ibex (Alpine ibex),0,0,0
6996,305,238,465,33,23,1.00,22,0.50,Capra ibex (Alpine ibex),0,1,0
6996,306,181,312,23,30,1.00,22,0.50,Capra ibex (Alpine ibex),0,1,0
6996,307,205,366,17,16,1.00,22,0.50,Capra ibex (Alpine ibex),0,1,0
6996,308,206,375,18,18,1.00,22,0.50,Capra ibex (Alpine ibex),0,1,0
7016,299,214,385,40,39,1.00,26,0.50,Capra ibex (Alpine ibex),2,2,0
7016,300,192,566,33,36,1.00,24,0.50,Capra ibex (Alpine ibex),0,2,0
7016,301,238,430,33,43,1.00,24,0.50,Capra ibex (Alpine ibex),0,2,0
7016,302,375,516,37,34,1.00,23,1.00,Capra ibex (Alpine ibex),0,2,0
7016,303,303,331,35,39,1.00,20,0.50,Capra ibex (Alpine ibex),0,0,0
7016,304,252,178,29,42,1.00,19,1.00,Capra ibex (Alpine ibex),0,0,0
7016,305,277,466,33,23,1.00,22,0.50,Capra ibex (Alpine ibex),0,1,0
7016,306,220,310,23,30,1.00,22,0.50,Capra ibex (Alpine ibex),0,1,0
7016,307,244,364,17,16,1.00,22,0.50,Capra ibex (Alpine ibex),0,1,0
7016,308,245,373,18,18,1.00,22,0.50,Capra ibex (Alpine ibex),0,1,0
7026,299,234,383,40,39,1.00,26,0.50,Capra ibex (Alpine ibex),2,2,0
7026,300,212,564,33,36,1.00,24,0.50,Capra ibex (Alpine ibex),0,2,0
7026,301,258,428,33,43,1.00,24,0.50,Capra ibex (Alpine ibex),0,2,0
7026,302,397,514,37,34,1.00,23,1.00,Capra ibex (Alpine ibex),0,2,0
7026,303,326,329,35,39,1.00,20,0.50,Capra ibex (Alpine ibex),0,0,0
7026,304,272,176,29,42,1.00,19,1.00,Capra ibex (Alpine ibex),0,0,0
7026,305,299,464,33,23,1.00,22,0.50,Capra ibex (Alpine ibex),0,1,0
7026,306,240,308,23,30,1.00,22,0.50,Capra ibex (Alpine ibex),0,1,0
7026,307,264,362,17,16,1.00,22,0.50,Capra ibex (Alpine ibex),0,1,0
7026,308,265,371,18,18,1.00,22,0.50,Capra ibex (Alpine ibex),0,1,0
7036,299,253,385,40,39,1.00,26,0.50,Capra ibex (Alpine ibex),2,2,0
7036,300,231,564,33,36,1.00,24,0.50,Capra ibex (Alpine ibex),0,2,0
7036,301,277,430,33,43,1.00,24,0.50,Capra ibex (Alpine ibex),0,2,0
7036,302,421,515,37,34,1.00,23,1.00,Capra ibex (Alpine ibex),0,2,0
7036,303,345,326,35,39,1.00,20,0.50,Capra ibex (Alpine ibex),0,0,0
7036,304,291,178,29,42,1.00,19,1.00,Capra ibex (Alpine ibex),0,0,0
7036,305,318,464,33,23,1.00,22,0.50,Capra ibex (Alpine ibex),0,1,0
7036,306,257,307,23,30,1.00,22,0.50,Capra ibex (Alpine ibex),0,1,0
7036,307,283,364,17,16,1.00,22,0.50,Capra ibex (Alpine ibex),0,1,0
7036,308,284,373,18,18,1.00,22,0.50,Capra ibex (Alpine ibex),0,1,0
7046,299,275,384,40,39,1.00,26,0.50,Capra ibex (Alpine ibex),2,2,0
7046,300,253,563,33,36,1.00,24,0.50,Capra ibex (Alpine ibex),0,2,0
7046,301,299,429,33,43,1.00,24,0.50,Capra ibex (Alpine ibex),0,2,0
7046,302,443,514,37,34,1.00,23,1.00,Capra ibex (Alpine ibex),0,2,0
7046,303,367,325,35,39,1.00,20,0.50,Capra ibex (Alpine ibex),0,0,0
7046,304,313,177,29,42,1.00,19,1.00,Capra ibex (Alpine ibex),0,0,0
7046,305,340,463,33,23,1.00,22,0.50,Capra ibex (Alpine ibex),0,1,0
7046,306,279,306,23,30,1.00,22,0.50,Capra ibex (Alpine ibex),0,1,0
7046,307,302,365,17,16,1.00,22,0.50,Capra ibex (Alpine ibex),0,1,0
7046,308,306,372,18,18,1.00,22,0.50,Capra ibex (Alpine ibex),0,1,0
7056,299,297,385,40,39,1.00,26,0.50,Capra ibex (Alpine ibex),2,2,0
7056,300,275,564,33,36,1.00,24,0.50,Capra ibex (Alpine ibex),0,2,0
7056,301,321,430,33,43,1.00,24,0.50,Capra ibex (Alpine ibex),0,2,0
7056,302,465,515,37,34,1.00,23,1.00,Capra ibex (Alpine ibex),0,2,0
7056,303,389,326,35,39,1.00,20,0.50,Capra ibex (Alpine ibex),0,0,0
7056,304,335,173,29,42,1.00,19,1.00,Capra ibex (Alpine ibex),0,0,0
7056,305,362,464,33,23,1.00,22,0.50,Capra ibex (Alpine ibex),0,1,0
7056,306,301,307,23,30,1.00,22,0.50,Capra ibex (Alpine ibex),0,1,0
7056,307,324,366,17,16,1.00,22,0.50,Capra ibex (Alpine ibex),0,1,0
7056,308,328,373,18,18,1.00,22,0.50,Capra ibex (Alpine ibex),0,1,0
7066,299,314,384,40,39,1.00,26,0.50,Capra ibex (Alpine ibex),2,2,0
7066,300,292,563,33,36,1.00,24,0.50,Capra ibex (Alpine ibex),0,2,0
7066,301,339,429,33,43,1.00,24,0.50,Capra ibex (Alpine ibex),0,2,0
7066,302,486,512,37,34,1.00,23,1.00,Capra ibex (Alpine ibex),0,2,0
7066,303,406,325,35,39,1.00,20,0.50,Capra ibex (Alpine ibex),0,0,0
7066,304,352,172,29,42,1.00,19,1.00,Capra ibex (Alpine ibex),0,0,0
7066,305,382,464,33,23,1.00,22,0.50,Capra ibex (Alpine ibex),0,1,0
7066,306,318,306,23,30,1.00,22,0.50,Capra ibex (Alpine ibex),0,1,0
7066,307,342,365,17,16,1.00,22,0.50,Capra ibex (Alpine ibex),0,1,0
7066,308,345,372,18,18,1.00,22,0.50,Capra ibex (Alpine ibex),0,1,0
7076,299,337,386,40,39,1.00,26,0.50,Capra ibex (Alpine ibex),2,2,0
7076,300,315,565,33,36,1.00,24,0.50,Capra ibex (Alpine ibex),0,2,0
7076,301,362,431,33,43,1.00,24,0.50,Capra ibex (Alpine ibex),0,2,0
7076,302,509,514,37,34,1.00,23,1.00,Capra ibex (Alpine ibex),0,2,0
7076,303,429,324,35,39,1.00,20,0.50,Capra ibex (Alpine ibex),0,0,0
7076,304,372,170,29,42,1.00,19,1.00,Capra ibex (Alpine ibex),0,0,0
7076,305,405,466,33,23,1.00,22,0.50,Capra ibex (Alpine ibex),0,1,0
7076,306,340,302,23,30,1.00,22,0.50,Capra ibex (Alpine ibex),0,1,0
7076,307,365,367,17,16,1.00,22,0.50,Capra ibex (Alpine ibex),0,1,0
7076,308,368,374,18,18,1.00,22,0.50,Capra ibex (Alpine ibex),0,1,0
7078,302,514,514,37,34,1.00,23,1.00,Capra ibex (Alpine ibex),0,2,0
7078,303,433,324,35,39,1.00,20,0.50,Capra ibex (Alpine ibex),0,0,0
7078,304,375,170,29,42,1.00,19,1.00,Capra ibex (Alpine ibex),0,0,0
7078,305,409,466,33,23,1.00,22,0.50,Capra ibex (Alpine ibex),0,1,0
7078,306,343,302,23,30,1.00,22,0.50,Capra ibex (Alpine ibex),0,1,0
7078,307,368,367,17,16,1.00,22,0.50,Capra ibex (Alpine ibex),0,1,0
7078,308,371,374,18,18,1.00,22,0.50,Capra ibex (Alpine ibex),0,1,0
7086,299,354,382,40,39,1.00,26,0.50,Capra ibex (Alpine ibex),2,2,0
7086,300,335,566,33,36,1.00,24,0.50,Capra ibex (Alpine ibex),0,2,0
7086,301,383,428,33,43,1.00,24,0.50,Capra ibex (Alpine ibex),0,2,0
7086,302,532,515,37,34,1.00,23,1.00,Capra ibex (Alpine ibex),0,2,0
7086,303,450,325,35,39,1.00,20,0.50,Capra ibex (Alpine ibex),0,0,0
7086,304,389,168,29,42,1.00,19,1.00,Capra ibex (Alpine ibex),0,0,0
7086,305,425,464,33,23,1.00,22,0.50,Capra ibex (Alpine ibex),0,1,0
7086,306,357,300,23,30,1.00,22,0.50,Capra ibex (Alpine ibex),0,1,0
7086,307,382,365,17,16,1.00,22,0.50,Capra ibex (Alpine ibex),0,1,0
7086,308,385,372,18,18,1.00,22,0.50,Capra ibex (Alpine ibex),0,1,0
7096,299,377,381,40,39,1.00,26,0.50,Capra ibex (Alpine ibex),2,2,0
7096,300,358,565,33,36,1.00,24,0.50,Capra ibex (Alpine ibex),0,2,0
7096,301,406,427,33,43,1.00,24,0.50,Capra ibex (Alpine ibex),0,2,0
7096,302,555,514,37,34,1.00,23,1.00,Capra ibex (Alpine ibex),0,2,0
7096,303,473,324,35,39,1.00,20,0.50,Capra ibex (Alpine ibex),0,0,0
7096,304,412,167,29,42,1.00,19,1.00,Capra ibex (Alpine ibex),0,0,0
7096,305,445,465,33,23,1.00,22,0.50,Capra ibex (Alpine ibex),0,1,0
7096,306,379,295,23,30,1.00,22,0.50,Capra ibex (Alpine ibex),0,1,0
7096,307,405,364,17,16,1.00,22,0.50,Capra ibex (Alpine ibex),0,1,0
7096,308,408,371,18,18,1.00,22,0.50,Capra ibex (Alpine ibex),0,1,0
7106,299,393,379,40,39,1.00,26,0.50,Capra ibex (Alpine ibex),2,2,0
7106,300,378,563,33,36,1.00,24,0.50,Capra ibex (Alpine ibex),0,2,0
7106,301,422,425,33,43,1.00,24,0.50,Capra ibex (Alpine ibex),0,2,0
7106,302,576,513,37,34,1.00,23,1.00,Capra ibex (Alpine ibex),0,2,0
7106,303,491,323,35,39,1.00,20,0.50,Capra ibex (Alpine ibex),0,0,0
7106,304,428,165,29,42,1.00,19,1.00,Capra ibex (Alpine ibex),0,0,0
7106,305,467,463,33,23,1.00,22,0.50,Capra ibex (Alpine ibex),0,1,0
7106,306,395,293,23,30,1.00,22,0.50,Capra ibex (Alpine ibex),0,1,0
7106,307,423,362,17,16,1.00,22,0.50,Capra ibex (Alpine ibex),0,1,0
7106,308,426,369,18,18,1.00,22,0.50,Capra ibex (Alpine ibex),0,1,0
7107,305,469,463,33,23,1.00,22,0.50,Capra ibex (Alpine ibex),0,1,0
7107,306,397,293,23,30,1.00,22,0.50,Capra ibex (Alpine ibex),0,1,0
7107,307,425,362,17,16,1.00,22,0.50,Capra ibex (Alpine ibex),0,1,0
7107,308,428,369,18,18,1.00,22,0.50,Capra ibex (Alpine ibex),0,1,0
7116,299,421,380,40,39,1.00,26,0.50,Capra ibex (Alpine ibex),2,2,0
7116,300,402,562,33,36,1.00,24,0.50,Capra ibex (Alpine ibex),0,2,0
7116,301,446,427,33,43,1.00,24,0.50,Capra ibex (Alpine ibex),0,2,0
7116,302,600,513,37,34,1.00,23,1.00,Capra ibex (Alpine ibex),0,2,0
7116,303,513,323,35,39,1.00,20,0.50,Capra ibex (Alpine ibex),0,0,0
7116,304,452,160,29,42,1.00,19,1.00,Capra ibex (Alpine ibex),0,0,0
7116,305,489,460,33,23,1.00,22,0.50,Capra ibex (Alpine ibex),0,1,0
7116,306,419,288,23,30,1.00,22,0.50,Capra ibex (Alpine ibex),0,1,0
7116,307,443,362,17,16,1.00,22,0.50,Capra ibex (Alpine ibex),0,1,0
7116,308,448,370,18,18,1.00,22,0.50,Capra ibex (Alpine ibex),0,1,0
7126,299,442,384,40,39,1.00,26,0.50,Capra ibex (Alpine ibex),2,2,0
7126,300,423,566,33,36,1.00,24,0.50,Capra ibex (Alpine ibex),0,2,0
7126,301,465,429,33,43,1.00,24,0.50,Capra ibex (Alpine ibex),0,2,0
7126,302,623,512,37,34,1.00,23,1.00,Capra ibex (Alpine ibex),0,2,0
7126,303,536,325,35,39,1.00,20,0.50,Capra ibex (Alpine ibex),0,0,0
7126,304,475,159,29,42,1.00,19,1.00,Capra ibex (Alpine ibex),0,0,0
7126,305,511,463,33,23,1.00,22,0.50,Capra ibex (Alpine ibex),0,1,0
7126,306,442,284,23,30,1.00,22,0.50,Capra ibex (Alpine ibex),0,1,0
7126,307,465,364,17,16,1.00,22,0.50,Capra ibex (Alpine ibex),0,1,0
7126,308,469,371,18,18,1.00,22,0.50,Capra ibex (Alpine ibex),0,1,0
7136,299,460,381,40,39,1.00,26,0.50,Capra ibex (Alpine ibex),2,2,0
7136,300,447,563,33,36,1.00,24,0.50,Capra ibex (Alpine ibex),0,2,0
7136,301,487,427,33,43,1.00,24,0.50,Capra ibex (Alpine ibex),0,2,0
7136,302,649,513,37,34,1.00,23,1.00,Capra ibex (Alpine ibex),0,2,0
7136,303,560,322,35,39,1.00,20,0.50,Capra ibex (Alpine ibex),0,0,0
7136,304,493,156,29,42,1.00,19,1.00,Capra ibex (Alpine ibex),0,0,0
7136,305,533,462,33,23,1.00,22,0.50,Capra ibex (Alpine ibex),0,1,0
7136,306,460,281,23,30,1.00,22,0.50,Capra ibex (Alpine ibex),0,1,0
7136,307,485,363,17,16,1.00,22,0.50,Capra ibex (Alpine ibex),0,1,0
7136,308,490,369,18,18,1.00,22,0.50,Capra ibex (Alpine ibex),0,1,0
7146,299,480,381,40,39,1.00,26,0.50,Capra ibex (Alpine ibex),2,2,0
7146,300,467,563,33,36,1.00,24,0.50,Capra ibex (Alpine ibex),0,2,0
7146,301,507,427,33,43,1.00,24,0.50,Capra ibex (Alpine ibex),0,2,0
7146,302,674,513,37,34,1.00,23,1.00,Capra ibex (Alpine ibex),0,2,0
7146,303,580,322,35,39,1.00,20,0.50,Capra ibex (Alpine ibex),0,0,0
7146,304,513,156,29,42,1.00,19,1.00,Capra ibex (Alpine ibex),0,0,0
7146,305,553,462,33,23,1.00,22,0.50,Capra ibex (Alpine ibex),0,1,0
7146,306,480,281,23,30,1.00,22,0.50,Capra ibex (Alpine ibex),0,1,0
7146,307,505,363,17,16,1.00,22,0.50,Capra ibex (Alpine ibex),0,1,0
7146,308,510,369,18,18,1.00,22,0.50,Capra ibex (Alpine ibex),0,1,0
7156,299,502,382,40,39,1.00,26,0.50,Capra ibex (Alpine ibex),2,2,0
7156,300,489,564,33,36,1.00,24,0.50,Capra ibex (Alpine ibex),0,2,0
7156,301,529,428,33,43,1.00,24,0.50,Capra ibex (Alpine ibex),0,2,0
7156,302,696,514,37,34,1.00,23,1.00,Capra ibex (Alpine ibex),0,2,0
7156,303,602,323,35,39,1.00,20,0.50,Capra ibex (Alpine ibex),0,0,0
7156,304,535,157,29,42,1.00,19,1.00,Capra ibex (Alpine ibex),0,0,0
7156,305,575,465,33,23,1.00,22,0.50,Capra ibex (Alpine ibex),0,1,0
7156,306,502,282,23,30,1.00,22,0.50,Capra ibex (Alpine ibex),0,1,0
7156,307,527,364,17,16,1.00,22,0.50,Capra ibex (Alpine ibex),0,1,0
7156,308,532,370,18,18,1.00,22,0.50,Capra ibex (Alpine ibex),0,1,0
7166,299,525,382,40,39,1.00,26,0.50,Capra ibex (Alpine ibex),2,2,0
7166,300,512,565,33,36,1.00,24,0.50,Capra ibex (Alpine ibex),0,2,0
7166,301,554,427,33,43,1.00,24,0.50,Capra ibex (Alpine ibex),0,2,0
7166,302,724,514,37,34,1.00,23,1.00,Capra ibex (Alpine ibex),0,2,0
7166,303,624,320,35,39,1.00,20,0.50,Capra ibex (Alpine ibex),0,0,0
7166,304,557,154,29,42,1.00,19,1.00,Capra ibex (Alpine ibex),0,0,0
7166,305,600,464,33,23,1.00,22,0.50,Capra ibex (Alpine ibex),0,1,0
7166,306,522,279,23,30,1.00,22,0.50,Capra ibex (Alpine ibex),0,1,0
7166,307,549,361,17,16,1.00,22,0.50,Capra ibex (Alpine ibex),0,1,0
7166,308,554,367,18,18,1.00,22,0.50,Capra ibex (Alpine ibex),0,1,0
7176,299,544,381,40,39,1.00,26,0.50,Capra ibex (Alpine ibex),2,2,0
7176,300,531,564,33,36,1.00,24,0.50,Capra ibex (Alpine ibex),0,2,0
7176,301,575,425,33,43,1.00,24,0.50,Capra ibex (Alpine ibex),0,2,0
7176,302,745,513,37,34,1.00,23,1.00,Capra ibex (Alpine ibex),0,2,0
7176,303,646,321,35,39,1.00,20,0.50,Capra ibex (Alpine ibex),0,0,0
7176,304,579,156,29,42,1.00,19,1.00,Capra ibex (Alpine ibex),0,0,0
7176,305,626,461,33,23,1.00,22,0.50,Capra ibex (Alpine ibex),0,1,0
7176,306,544,278,23,30,1.00,22,0.50,Capra ibex (Alpine ibex),0,1,0
7176,307,568,360,17,16,1.00,22,0.50,Capra ibex (Alpine ibex),0,1,0
7176,308,573,366,18,18,1.00,22,0.50,Capra ibex (Alpine ibex),0,1,0
7186,299,563,380,40,39,1.00,26,0.50,Capra ibex (Alpine ibex),2,2,0
7186,300,554,566,33,36,1.00,24,0.50,Capra ibex (Alpine ibex),0,2,0
7186,301,598,427,33,43,1.00,24,0.50,Capra ibex (Alpine ibex),0,2,0
7186,302,770,516,37,34,1.00,23,1.00,Capra ibex (Alpine ibex),0,2,0
7186,303,666,319,35,39,1.00,20,0.50,Capra ibex (Alpine ibex),0,0,0
7186,304,599,152,29,42,1.00,19,1.00,Capra ibex (Alpine ibex),0,0,0
7186,305,643,462,33,23,1.00,22,0.50,Capra ibex (Alpine ibex),0,1,0
7186,306,566,278,23,30,1.00,22,0.50,Capra ibex (Alpine ibex),0,1,0
7186,307,590,363,17,16,1.00,22,0.50,Capra ibex (Alpine ibex),0,1,0
7186,308,597,367,18,18,1.00,22,0.50,Capra ibex (Alpine ibex),0,1,0
7189,303,675,319,35,39,1.00,20,0.50,Capra ibex (Alpine ibex),0,0,0
7206,299,609,377,40,39,1.00,26,0.50,Capra ibex (Alpine ibex),2,2,0
7206,300,600,563,33,36,1.00,24,0.50,Capra ibex (Alpine ibex),0,2,0
7206,301,641,424,33,43,1.00,24,0.50,Capra ibex (Alpine ibex),0,2,0
7206,302,818,513,37,34,1.00,23,1.00,Capra ibex (Alpine ibex),0,2,0
7206,303,713,320,35,39,1.00,20,0.50,Capra ibex (Alpine ibex),0,0,0
7206,304,643,152,29,42,1.00,19,1.00,Capra ibex (Alpine ibex),0,0,0
7206,305,689,463,33,23,1.00,22,0.50,Capra ibex (Alpine ibex),0,1,0
7206,306,606,273,23,30,1.00,22,0.50,Capra ibex (Alpine ibex),0,1,0
7206,307,634,360,17,16,1.00,22,0.50,Capra ibex (Alpine ibex),0,1,0
7206,308,641,364,18,18,1.00,22,0.50,Capra ibex (Alpine ibex),0,1,0
7216,299,629,379,40,39,1.00,26,0.50,Capra ibex (Alpine ibex),2,2,0
7216,300,622,567,33,36,1.00,24,0.50,Capra ibex (Alpine ibex),0,2,0
7216,301,661,426,33,43,1.00,24,0.50,Capra ibex (Alpine ibex),0,2,0
7216,302,842,515,37,34,1.00,23,1.00,Capra ibex (Alpine ibex),0,2,0
7216,303,735,317,35,39,1.00,20,0.50,Capra ibex (Alpine ibex),0,0,0
7216,304,664,148,29,42,1.00,19,1.00,Capra ibex (Alpine ibex),0,0,0
7216,305,711,463,33,23,1.00,22,0.50,Capra ibex (Alpine ibex),0,1,0
7216,306,625,270,23,30,1.00,22,0.50,Capra ibex (Alpine ibex),0,1,0
7216,307,655,360,17,16,1.00,22,0.50,Capra ibex (Alpine ibex),0,1,0
7216,308,658,367,18,18,1.00,22,0.50,Capra ibex (Alpine ibex),0,1,0
7226,299,651,376,40,39,1.00,26,0.50,Capra ibex (Alpine ibex),2,2,0
7226,300,644,564,33,36,1.00,24,0.50,Capra ibex (Alpine ibex),0,2,0
7226,301,683,423,33,43,1.00,24,0.50,Capra ibex (Alpine ibex),0,2,0
7226,302,869,513,37,34,1.00,23,1.00,Capra ibex (Alpine ibex),0,2,0
7226,303,757,321,35,39,1.00,20,0.50,Capra ibex (Alpine ibex),0,0,0
7226,304,685,150,29,42,1.00,19,1.00,Capra ibex (Alpine ibex),0,0,0
7226,305,736,461,33,23,1.00,22,0.50,Capra ibex (Alpine ibex),0,1,0
7226,306,647,267,23,30,1.00,22,0.50,Capra ibex (Alpine ibex),0,1,0
7226,307,675,358,17,16,1.00,22,0.50,Capra ibex (Alpine ibex),0,1,0
7226,308,680,365,18,18,1.00,22,0.50,Capra ibex (Alpine ibex),0,1,0
7244,300,686,569,33,36,1.00,24,0.50,Capra ibex (Alpine ibex),0,2,0
7244,302,915,511,37,34,1.00,23,1.00,Capra ibex (Alpine ibex),0,2,0
7246,299,697,375,40,39,1.00,26,0.50,Capra ibex (Alpine ibex),2,2,0
7246,300,694,569,33,36,1.00,24,0.50,Capra ibex (Alpine ibex),0,2,0
7246,301,727,423,33,43,1.00,24,0.50,Capra ibex (Alpine ibex),0,2,0
7246,302,923,511,37,34,1.00,23,1.00,Capra ibex (Alpine ibex),0,2,0
7246,303,804,319,35,39,1.00,20,0.50,Capra ibex (Alpine ibex),0,0,0
7246,304,729,146,29,42,1.00,19,1.00,Capra ibex (Alpine ibex),0,0,0
7246,305,780,463,33,23,1.00,22,0.50,Capra ibex (Alpine ibex),0,1,0
7246,306,691,266,23,30,1.00,22,0.50,Capra ibex (Alpine ibex),0,1,0
7246,307,729,356,17,16,1.00,22,0.50,Capra ibex (Alpine ibex),0,1,0
7246,308,734,363,18,18,1.00,22,0.50,Capra ibex (Alpine ibex),0,1,0
7256,299,724,372,40,39,1.00,26,0.50,Capra ibex (Alpine ibex),2,2,0
7256,300,713,567,33,36,1.00,24,0.50,Capra ibex (Alpine ibex),0,2,0
7256,301,749,421,33,43,1.00,24,0.50,Capra ibex (Alpine ibex),0,2,0
7256,302,942,509,37,34,1.00,23,1.00,Capra ibex (Alpine ibex),0,2,0
7256,303,827,317,35,39,1.00,20,0.50,Capra ibex (Alpine ibex),0,0,0
7256,304,748,144,29,42,1.00,19,1.00,Capra ibex (Alpine ibex),0,0,0
7256,305,803,461,33,23,1.00,22,0.50,Capra ibex (Alpine ibex),0,1,0
7256,306,715,264,23,30,1.00,22,0.50,Capra ibex (Alpine ibex),0,1,0
7264,306,734,264,23,30,1.00,22,0.50,Capra ibex (Alpine ibex),0,1,0
7274,302,989,513,35,34,1.00,23,1.00,Capra ibex (Alpine ibex),0,2,0
7274,306,756,262,23,30,1.00,22,0.50,Capra ibex (Alpine ibex),0,1,0
7276,299,769,372,40,39,1.00,26,0.50,Capra ibex (Alpine ibex),2,2,0
7276,300,758,567,33,36,1.00,24,0.50,Capra ibex (Alpine ibex),0,2,0
7276,301,794,421,33,43,1.00,24,0.50,Capra ibex (Alpine ibex),0,2,0
7276,302,997,513,27,34,1.00,23,1.00,Capra ibex (Alpine ibex),0,2,0
7276,303,872,317,35,39,1.00,20,0.50,Capra ibex (Alpine ibex),0,0,0
7276,304,793,144,29,42,1.00,19,1.00,Capra ibex (Alpine ibex),0,0,0
7276,305,848,461,33,23,1.00,22,0.50,Capra ibex (Alpine ibex),0,1,0
7276,306,760,264,23,30,1.00,22,0.50,Capra ibex (Alpine ibex),0,1,0
7286,299,798,373,40,39,1.00,26,0.50,Capra ibex (Alpine ibex),2,2,0
7286,300,787,568,33,36,1.00,24,0.50,Capra ibex (Alpine ibex),0,2,0
7286,301,823,422,33,43,1.00,24,0.50,Capra ibex (Alpine ibex),0,2,0
7286,303,896,316,35,39,1.00,20,0.50,Capra ibex (Alpine ibex),0,0,0
7286,304,815,142,29,42,1.00,19,1.00,Capra ibex (Alpine ibex),0,0,0
7286,305,877,462,33,23,1.00,22,0.50,Capra ibex (Alpine ibex),0,1,0
7286,306,784,259,23,30,1.00,22,0.50,Capra ibex (Alpine ibex),0,1,0
7306,299,840,373,40,39,1.00,26,0.50,Capra ibex (Alpine ibex),2,2,0
7306,300,829,568,33,36,1.00,24,0.50,Capra ibex (Alpine ibex),0,2,0
7306,301,865,422,33,43,1.00,24,0.50,Capra ibex (Alpine ibex),0,2,0
7306,303,944,315,35,39,1.00,20,0.50,Capra ibex (Alpine ibex),0,0,0
7306,304,859,142,29,42,1.00,19,1.00,Capra ibex (Alpine ibex),0,0,0
7306,305,919,462,33,23,1.00,22,0.50,Capra ibex (Alpine ibex),0,1,0
7306,306,827,255,23,30,1.00,22,0.50,Capra ibex (Alpine ibex),0,1,0
7318,303,971,314,35,39,1.00,20,0.50,Capra ibex (Alpine ibex),0,0,0
7326,299,885,376,40,39,1.00,26,0.50,Capra ibex (Alpine ibex),2,2,0
7326,300,874,571,33,36,1.00,24,0.50,Capra ibex (Alpine ibex),0,2,0
7326,301,910,425,33,43,1.00,24,0.50,Capra ibex (Alpine ibex),0,2,0
7326,303,989,314,35,39,1.00,20,0.50,Capra ibex (Alpine ibex),0,0,0
7326,304,904,139,29,42,1.00,19,1.00,Capra ibex (Alpine ibex),0,0,0
7326,305,964,465,33,23,1.00,22,0.50,Capra ibex (Alpine ibex),0,1,0
7326,306,875,256,23,30,1.00,22,0.50,Capra ibex (Alpine ibex),0,1,0
7339,299,916,373,40,39,1.00,26,0.50,Capra ibex (Alpine ibex),2,2,0
7339,300,905,568,33,36,1.00,24,0.50,Capra ibex (Alpine ibex),0,2,0
7339,301,941,422,33,43,1.00,24,0.50,Capra ibex (Alpine ibex),0,2,0
7339,303,1020,311,4,39,1.00,20,0.50,Capra ibex (Alpine ibex),0,0,0
7339,304,935,136,29,42,1.00,19,1.00,Capra ibex (Alpine ibex),0,0,0
7339,305,995,462,29,23,1.00,22,0.50,Capra ibex (Alpine ibex),0,1,0
7339,306,906,253,23,30,1.00,22,0.50,Capra ibex (Alpine ibex),0,1,0
7359,299,956,372,40,39,1.00,26,0.50,Capra ibex (Alpine ibex),2,2,0
7359,300,958,570,33,36,1.00,24,0.50,Capra ibex (Alpine ibex),0,2,0
7359,304,975,135,29,42,1.00,19,1.00,Capra ibex (Alpine ibex),0,0,0
7359,306,946,252,23,30,1.00,22,0.50,Capra ibex (Alpine ibex),0,1,0
7379,299,1014,373,10,39,1.00,26,0.50,Capra ibex (Alpine ibex),2,2,0
7379,300,1016,571,8,36,1.00,24,0.50,Capra ibex (Alpine ibex),0,2,0
7379,306,1004,253,20,30,1.00,22,0.50,Capra ibex (Alpine ibex),0,1,0
8120,313,1009,685,15,28,1.00,22,0.50,Capra ibex (Alpine ibex),0,1,0
8142,309,953,833,33,44,1.00,26,0.50,Capra ibex (Alpine ibex),2,2,0
8142,311,1017,805,7,44,1.00,24,0.50,Capra ibex (Alpine ibex),0,2,0
8142,313,959,678,25,28,1.00,22,0.50,Capra ibex (Alpine ibex),0,1,0
8142,314,973,810,26,25,1.00,22,0.50,Capra ibex (Alpine ibex),0,1,0
8142,315,978,588,29,36,1.00,20,0.50,Capra ibex (Alpine ibex),0,0,0
8152,309,931,834,33,44,1.00,26,0.50,Capra ibex (Alpine ibex),2,2,0
8152,311,995,806,29,44,1.00,24,0.50,Capra ibex (Alpine ibex),0,2,0
8152,312,918,633,22,28,1.00,22,0.50,Capra ibex (Alpine ibex),0,1,0
8152,313,937,679,25,28,1.00,22,0.50,Capra ibex (Alpine ibex),0,1,0
8152,314,951,811,26,25,1.00,22,0.50,Capra ibex (Alpine ibex),0,1,0
8152,315,956,589,29,36,1.00,20,0.50,Capra ibex (Alpine ibex),0,0,0
8172,309,884,832,33,44,1.00,26,0.50,Capra ibex (Alpine ibex),2,2,0
8172,310,911,893,32,36,1.00,24,0.50,Capra ibex (Alpine ibex),0,2,0
8172,311,945,802,31,44,1.00,24,0.50,Capra ibex (Alpine ibex),0,2,0
8172,312,868,629,22,28,1.00,22,0.50,Capra ibex (Alpine ibex),0,1,0
8172,313,888,671,25,28,1.00,22,0.50,Capra ibex (Alpine ibex),0,1,0
8172,314,904,810,26,25,1.00,22,0.50,Capra ibex (Alpine ibex),0,1,0
8172,315,906,586,29,36,1.00,20,0.50,Capra ibex (Alpine ibex),0,0,0
8192,309,839,830,33,44,1.00,26,0.50,Capra ibex (Alpine ibex),2,2,0
8192,310,866,891,32,36,1.00,24,0.50,Capra ibex (Alpine ibex),0,2,0
8192,311,897,792,31,44,1.00,24,0.50,Capra ibex (Alpine ibex),0,2,0
8192,312,823,627,22,28,1.00,22,0.50,Capra ibex (Alpine ibex),0,1,0
8192,313,841,668,25,28,1.00,22,0.50,Capra ibex (Alpine ibex),0,1,0
8192,314,856,808,26,25,1.00,22,0.50,Capra ibex (Alpine ibex),0,1,0
8192,315,861,584,29,36,1.00,20,0.50,Capra ibex (Alpine ibex),0,0,0
8212,309,790,827,33,44,1.00,26,0.50,Capra ibex (Alpine ibex),2,2,0
8212,310,820,889,32,36,1.00,24,0.50,Capra ibex (Alpine ibex),0,2,0
8212,311,845,793,31,44,1.00,24,0.50,Capra ibex (Alpine ibex),0,2,0
8212,312,778,623,22,28,1.00,22,0.50,Capra ibex (Alpine ibex),0,1,0
8212,313,796,664,25,28,1.00,22,0.50,Capra ibex (Alpine ibex),0,1,0
8212,314,811,804,26,25,1.00,22,0.50,Capra ibex (Alpine ibex),0,1,0
8212,315,813,583,29,36,1.00,20,0.50,Capra ibex (Alpine ibex),0,0,0
8222,309,767,828,33,44,1.00,26,0.50,Capra ibex (Alpine ibex),2,2,0
8222,310,796,889,32,36,1.00,24,0.50,Capra ibex (Alpine ibex),0,2,0
8222,311,822,789,31,44,1.00,24,0.50,Capra ibex (Alpine ibex),0,2,0
8222,312,755,624,22,28,1.00,22,0.50,Capra ibex (Alpine ibex),0,1,0
8222,313,771,660,25,28,1.00,22,0.50,Capra ibex (Alpine ibex),0,1,0
8222,314,786,805,26,25,1.00,22,0.50,Capra ibex (Alpine ibex),0,1,0
8222,315,790,584,29,36,1.00,20,0.50,Capra ibex (Alpine ibex),0,0,0
8232,309,745,826,33,44,1.00,26,0.50,Capra ibex (Alpine ibex),2,2,0
8232,310,774,891,32,36,1.00,24,0.50,Capra ibex (Alpine ibex),0,2,0
8232,311,800,787,31,44,1.00,24,0.50,Capra ibex (Alpine ibex),0,2,0
8232,312,733,622,22,28,1.00,22,0.50,Capra ibex (Alpine ibex),0,1,0
8232,313,749,658,25,28,1.00,22,0.50,Capra ibex (Alpine ibex),0,1,0
8232,314,764,803,26,25,1.00,22,0.50,Capra ibex (Alpine ibex),0,1,0
8232,315,768,582,29,36,1.00,20,0.50,Capra ibex (Alpine ibex),0,0,0
8252,309,696,823,33,44,1.00,26,0.50,Capra ibex (Alpine ibex),2,2,0
8252,310,726,886,32,36,1.00,24,0.50,Capra ibex (Alpine ibex),0,2,0
8252,311,750,791,31,44,1.00,24,0.50,Capra ibex (Alpine ibex),0,2,0
8252,312,688,622,22,28,1.00,22,0.50,Capra ibex (Alpine ibex),0,1,0
8252,313,705,662,25,28,1.00,22,0.50,Capra ibex (Alpine ibex),0,1,0
8252,314,715,807,26,25,1.00,22,0.50,Capra ibex (Alpine ibex),0,1,0
8252,315,725,586,29,36,1.00,20,0.50,Capra ibex (Alpine ibex),0,0,0
8272,309,657,822,33,44,1.00,26,0.50,Capra ibex (Alpine ibex),2,2,0
8272,310,680,885,32,36,1.00,24,0.50,Capra ibex (Alpine ibex),0,2,0
8272,311,708,787,31,44,1.00,24,0.50,Capra ibex (Alpine ibex),0,2,0
8272,312,646,621,22,28,1.00,22,0.50,Capra ibex (Alpine ibex),0,1,0
8272,313,662,659,25,28,1.00,22,0.50,Capra ibex (Alpine ibex),0,1,0
8272,314,674,802,26,25,1.00,22,0.50,Capra ibex (Alpine ibex),0,1,0
8272,315,680,583,29,36,1.00,20,0.50,Capra ibex (Alpine ibex),0,0,0
8292,309,612,819,33,44,1.00,26,0.50,Capra ibex (Alpine ibex),2,2,0
8292,310,635,882,32,36,1.00,24,0.50,Capra ibex (Alpine ibex),0,2,0
8292,311,663,784,31,44,1.00,24,0.50,Capra ibex (Alpine ibex),0,2,0
8292,312,601,618,22,28,1.00,22,0.50,Capra ibex (Alpine ibex),0,1,0
8292,313,617,656,25,28,1.00,22,0.50,Capra ibex (Alpine ibex),0,1,0
8292,314,629,799,26,25,1.00,22,0.50,Capra ibex (Alpine ibex),0,1,0
8292,315,635,580,29,36,1.00,20,0.50,Capra ibex (Alpine ibex),0,0,0
8302,309,591,820,33,44,1.00,26,0.50,Capra ibex (Alpine ibex),2,2,0
8302,310,614,883,32,36,1.00,24,0.50,Capra ibex (Alpine ibex),0,2,0
8302,311,642,785,31,44,1.00,24,0.50,Capra ibex (Alpine ibex),0,2,0
8302,312,580,619,22,28,1.00,22,0.50,Capra ibex (Alpine ibex),0,1,0
8302,313,596,657,25,28,1.00,22,0.50,Capra ibex (Alpine ibex),0,1,0
8302,314,608,800,26,25,1.00,22,0.50,Capra ibex (Alpine ibex),0,1,0
8302,315,614,581,29,36,1.00,20,0.50,Capra ibex (Alpine ibex),0,0,0
8322,309,547,817,33,44,1.00,26,0.50,Capra ibex (Alpine ibex),2,2,0
8322,310,570,880,32,36,1.00,24,0.50,Capra ibex (Alpine ibex),0,2,0
8322,311,598,782,31,44,1.00,24,0.50,Capra ibex (Alpine ibex),0,2,0
8322,312,539,618,22,28,1.00,22,0.50,Capra ibex (Alpine ibex),0,1,0
8322,313,552,654,25,28,1.00,22,0.50,Capra ibex (Alpine ibex),0,1,0
8322,314,564,797,26,25,1.00,22,0.50,Capra ibex (Alpine ibex),0,1,0
8322,315,570,582,29,36,1.00,20,0.50,Capra ibex (Alpine ibex),0,0,0
8331,312,519,618,22,28,1.00,22,0.50,Capra ibex (Alpine ibex),0,1,0
8331,313,532,654,25,28,1.00,22,0.50,Capra ibex (Alpine ibex),0,1,0
8331,314,544,797,26,25,1.00,22,0.50,Capra ibex (Alpine ibex),0,1,0
8332,309,525,817,33,44,1.00,26,0.50,Capra ibex (Alpine ibex),2,2,0
8332,310,548,880,32,36,1.00,24,0.50,Capra ibex (Alpine ibex),0,2,0
8332,311,576,782,31,44,1.00,24,0.50,Capra ibex (Alpine ibex),0,2,0
8332,312,517,618,22,28,1.00,22,0.50,Capra ibex (Alpine ibex),0,1,0
8332,313,530,654,25,28,1.00,22,0.50,Capra ibex (Alpine ibex),0,1,0
8332,314,542,797,26,25,1.00,22,0.50,Capra ibex (Alpine ibex),0,1,0
8332,315,548,582,29,36,1.00,20,0.50,Capra ibex (Alpine ibex),0,0,0
8332,316,490,903,31,36,1.00,24,0.50,Capra ibex (Alpine ibex),0,2,0
8352,309,480,813,33,44,1.00,26,0.50,Capra ibex (Alpine ibex),2,2,0
8352,310,501,878,32,36,1.00,24,0.50,Capra ibex (Alpine ibex),0,2,0
8352,311,531,781,31,44,1.00,24,0.50,Capra ibex (Alpine ibex),0,2,0
8352,312,475,617,22,28,1.00,22,0.50,Capra ibex (Alpine ibex),0,1,0
8352,313,487,647,25,28,1.00,22,0.50,Capra ibex (Alpine ibex),0,1,0
8352,314,498,798,26,25,1.00,22,0.50,Capra ibex (Alpine ibex),0,1,0
8352,315,508,580,29,36,1.00,20,0.50,Capra ibex (Alpine ibex),0,0,0
8352,316,445,896,31,36,1.00,24,0.50,Capra ibex (Alpine ibex),0,2,0
8372,309,437,812,33,44,1.00,26,0.50,Capra ibex (Alpine ibex),2,2,0
8372,310,458,877,32,36,1.00,24,0.50,Capra ibex (Alpine ibex),0,2,0
8372,311,486,780,31,44,1.00,24,0.50,Capra ibex (Alpine ibex),0,2,0
8372,312,436,619,22,28,1.00,22,0.50,Capra ibex (Alpine ibex),0,1,0
8372,313,450,645,25,28,1.00,22,0.50,Capra ibex (Alpine ibex),0,1,0
8372,314,455,797,26,25,1.00,22,0.50,Capra ibex (Alpine ibex),0,1,0
8372,315,465,579,29,36,1.00,20,0.50,Capra ibex (Alpine ibex),0,0,0
8372,316,405,880,31,36,1.00,24,0.50,Capra ibex (Alpine ibex),0,2,0
8379,309,428,812,33,44,1.00,26,0.50,Capra ibex (Alpine ibex),2,2,0
8379,310,449,877,32,36,1.00,24,0.50,Capra ibex (Alpine ibex),0,2,0
8379,311,477,780,31,44,1.00,24,0.50,Capra ibex (Alpine ibex),0,2,0
8379,312,427,619,22,28,1.00,22,0.50,Capra ibex (Alpine ibex),0,1,0
8379,313,441,645,25,28,1.00,22,0.50,Capra ibex (Alpine ibex),0,1,0
8379,314,446,797,26,25,1.00,22,0.50,Capra ibex (Alpine ibex),0,1,0
8379,315,456,579,29,36,1.00,20,0.50,Capra ibex (Alpine ibex),0,0,0
8379,316,393,878,31,36,1.00,24,0.50,Capra ibex (Alpine ibex),0,2,0
8380,309,339,811,33,44,1.00,26,0.50,Capra ibex (Alpine ibex),2,2,0
8380,310,357,873,32,36,1.00,24,0.50,Capra ibex (Alpine ibex),0,2,0
8380,311,389,778,31,44,1.00,24,0.50,Capra ibex (Alpine ibex),0,2,0
8380,312,345,617,22,28,1.00,22,0.50,Capra ibex (Alpine ibex),0,1,0
8380,313,363,635,25,28,1.00,22,0.50,Capra ibex (Alpine ibex),0,1,0
8380,314,361,795,26,25,1.00,22,0.50,Capra ibex (Alpine ibex),0,1,0
8380,315,372,583,29,36,1.00,20,0.50,Capra ibex (Alpine ibex),0,0,0
8380,316,302,842,31,36,1.00,24,0.50,Capra ibex (Alpine ibex),0,2,0
8390,309,318,808,33,44,1.00,26,0.50,Capra ibex (Alpine ibex),2,2,0
8390,310,338,873,32,36,1.00,24,0.50,Capra ibex (Alpine ibex),0,2,0
8390,311,369,775,31,44,1.00,24,0.50,Capra ibex (Alpine ibex),0,2,0
8390,312,321,615,22,28,1.00,22,0.50,Capra ibex (Alpine ibex),0,1,0
8390,313,343,628,25,28,1.00,22,0.50,Capra ibex (Alpine ibex),0,1,0
8390,314,341,792,26,25,1.00,22,0.50,Capra ibex (Alpine ibex),0,1,0
8390,315,349,583,29,36,1.00,20,0.50,Capra ibex (Alpine ibex),0,0,0
8390,316,285,839,31,36,1.00,24,0.50,Capra ibex (Alpine ibex),0,2,0
8390,317,879,736,40,44,1.00,28,1.00,Aves (Bird),0,0,0
8400,309,297,809,33,44,1.00,26,0.50,Capra ibex (Alpine ibex),2,2,0
8400,310,312,874,32,36,1.00,24,0.50,Capra ibex (Alpine ibex),0,2,0
8400,311,344,774,31,44,1.00,24,0.50,Capra ibex (Alpine ibex),0,2,0
8400,312,300,616,22,28,1.00,22,0.50,Capra ibex (Alpine ibex),0,1,0
8400,313,322,629,25,28,1.00,22,0.50,Capra ibex (Alpine ibex),0,1,0
8400,314,317,793,26,25,1.00,22,0.50,Capra ibex (Alpine ibex),0,1,0
8400,315,328,584,29,36,1.00,20,0.50,Capra ibex (Alpine ibex),0,0,0
8400,316,261,834,31,36,1.00,24,0.50,Capra ibex (Alpine ibex),0,2,0
8400,317,858,737,40,44,1.00,28,1.00,Aves (Bird),0,0,0
8410,309,276,808,33,44,1.00,26,0.50,Capra ibex (Alpine ibex),2,2,0
8410,310,296,872,32,36,1.00,24,0.50,Capra ibex (Alpine ibex),0,2,0
8410,311,324,775,31,44,1.00,24,0.50,Capra ibex (Alpine ibex),0,2,0
8410,312,284,618,22,28,1.00,22,0.50,Capra ibex (Alpine ibex),0,1,0
8410,313,305,624,25,28,1.00,22,0.50,Capra ibex (Alpine ibex),0,1,0
8410,314,299,792,26,25,1.00,22,0.50,Capra ibex (Alpine ibex),0,1,0
8410,315,308,580,29,36,1.00,20,0.50,Capra ibex (Alpine ibex),0,0,0
8410,316,240,828,31,36,1.00,24,0.50,Capra ibex (Alpine ibex),0,2,0
8410,317,795,731,40,44,1.00,28,1.00,Aves (Bird),0,0,0
8420,309,254,809,33,44,1.00,26,0.50,Capra ibex (Alpine ibex),2,2,0
8420,310,274,873,32,36,1.00,24,0.50,Capra ibex (Alpine ibex),0,2,0
8420,311,302,776,31,44,1.00,24,0.50,Capra ibex (Alpine ibex),0,2,0
8420,312,262,619,22,28,1.00,22,0.50,Capra ibex (Alpine ibex),0,1,0
8420,313,283,625,25,28,1.00,22,0.50,Capra ibex (Alpine ibex),0,1,0
8420,314,277,793,26,25,1.00,22,0.50,Capra ibex (Alpine ibex),0,1,0
8420,315,286,581,29,36,1.00,20,0.50,Capra ibex (Alpine ibex),0,0,0
8420,316,219,821,31,36,1.00,24,0.50,Capra ibex (Alpine ibex),0,2,0
8420,317,747,730,40,44,1.00,28,1.00,Aves (Bird),0,0,0
8430,309,235,806,33,44,1.00,26,0.50,Capra ibex (Alpine ibex),2,2,0
8430,310,251,870,32,36,1.00,24,0.50,Capra ibex (Alpine ibex),0,2,0
8430,311,283,773,31,44,1.00,24,0.50,Capra ibex (Alpine ibex),0,2,0
8430,312,243,617,22,28,1.00,22,0.50,Capra ibex (Alpine ibex),0,1,0
8430,313,266,625,25,28,1.00,22,0.50,Capra ibex (Alpine ibex),0,1,0
8430,314,258,790,26,25,1.00,22,0.50,Capra ibex (Alpine ibex),0,1,0
8430,315,264,583,29,36,1.00,20,0.50,Capra ibex (Alpine ibex),0,0,0
8430,316,200,815,31,36,1.00,24,0.50,Capra ibex (Alpine ibex),0,2,0
8430,317,705,733,40,44,1.00,28,1.00,Aves (Bird),0,0,0
8440,309,213,805,33,44,1.00,26,0.50,Capra ibex (Alpine ibex),2,2,0
8440,310,229,869,32,36,1.00,24,0.50,Capra ibex (Alpine ibex),0,2,0
8440,311,261,772,31,44,1.00,24,0.50,Capra ibex (Alpine ibex),0,2,0
8440,312,221,616,22,28,1.00,22,0.50,Capra ibex (Alpine ibex),0,1,0
8440,313,244,624,25,28,1.00,22,0.50,Capra ibex (Alpine ibex),0,1,0
8440,314,235,794,26,25,1.00,22,0.50,Capra ibex (Alpine ibex),0,1,0
8440,315,242,582,29,36,1.00,20,0.50,Capra ibex (Alpine ibex),0,0,0
8440,316,178,806,31,36,1.00,24,0.50,Capra ibex (Alpine ibex),0,2,0
8440,317,660,731,40,44,1.00,28,1.00,Aves (Bird),0,0,0
8445,318,265,907,27,34,1.00,22,0.50,Capra ibex (Alpine ibex),0,1,0
8450,309,198,803,33,44,1.00,26,0.50,Capra ibex (Alpine ibex),2,2,0
8450,310,212,865,32,36,1.00,24,0.50,Capra ibex (Alpine ibex),0,2,0
8450,311,240,775,31,44,1.00,24,0.50,Capra ibex (Alpine ibex),0,2,0
8450,312,202,618,22,28,1.00,22,0.50,Capra ibex (Alpine ibex),0,1,0
8450,313,229,622,25,28,1.00,22,0.50,Capra ibex (Alpine ibex),0,1,0
8450,314,219,791,26,25,1.00,22,0.50,Capra ibex (Alpine ibex),0,1,0
8450,315,227,580,29,36,1.00,20,0.50,Capra ibex (Alpine ibex),0,0,0
8450,316,166,802,31,36,1.00,24,0.50,Capra ibex (Alpine ibex),0,2,0
8450,317,616,729,40,44,1.00,28,1.00,Aves (Bird),0,0,0
8460,309,174,805,33,44,1.00,26,0.50,Capra ibex (Alpine ibex),2,2,0
8460,310,190,862,32,36,1.00,24,0.50,Capra ibex (Alpine ibex),0,2,0
8460,311,218,772,31,44,1.00,24,0.50,Capra ibex (Alpine ibex),0,2,0
8460,312,180,615,22,28,1.00,22,0.50,Capra ibex (Alpine ibex),0,1,0
8460,313,207,619,25,28,1.00,22,0.50,Capra ibex (Alpine ibex),0,1,0
8460,314,193,790,26,25,1.00,22,0.50,Capra ibex (Alpine ibex),0,1,0
8460,315,205,577,29,36,1.00,20,0.50,Capra ibex (Alpine ibex),0,0,0
8460,316,144,796,31,36,1.00,24,0.50,Capra ibex (Alpine ibex),0,2,0
8460,317,577,725,40,44,1.00,28,1.00,Aves (Bird),0,0,0
8465,317,550,726,40,44,1.00,28,1.00,Aves (Bird),0,0,0
8465,318,226,906,27,34,1.00,22,0.50,Capra ibex (Alpine ibex),0,1,0
8480,309,135,804,33,44,1.00,26,0.50,Capra ibex (Alpine ibex),2,2,0
8480,310,151,864,32,36,1.00,24,0.50,Capra ibex (Alpine ibex),0,2,0
8480,311,176,771,31,44,1.00,24,0.50,Capra ibex (Alpine ibex),0,2,0
8480,312,147,616,22,28,1.00,22,0.50,Capra ibex (Alpine ibex),0,1,0
8480,313,174,620,25,28,1.00,22,0.50,Capra ibex (Alpine ibex),0,1,0
8480,314,160,791,26,25,1.00,22,0.50,Capra ibex (Alpine ibex),0,1,0
8480,315,172,578,29,36,1.00,20,0.50,Capra ibex (Alpine ibex),0,0,0
8480,316,113,787,31,36,1.00,24,0.50,Capra ibex (Alpine ibex),0,2,0
8480,317,488,729,40,44,1.00,28,1.00,Aves (Bird),0,0,0
8485,318,183,904,27,34,1.00,22,0.50,Capra ibex (Alpine ibex),0,1,0
8490,309,112,799,33,44,1.00,26,0.50,Capra ibex (Alpine ibex),2,2,0
8490,310,128,859,32,36,1.00,24,0.50,Capra ibex (Alpine ibex),0,2,0
8490,311,157,766,31,44,1.00,24,0.50,Capra ibex (Alpine ibex),0,2,0
8490,312,124,611,22,28,1.00,22,0.50,Capra ibex (Alpine ibex),0,1,0
8490,313,151,615,25,28,1.00,22,0.50,Capra ibex (Alpine ibex),0,1,0
8490,314,137,786,26,25,1.00,22,0.50,Capra ibex (Alpine ibex),0,1,0
8490,315,149,573,29,36,1.00,20,0.50,Capra ibex (Alpine ibex),0,0,0
8490,316,96,782,31,36,1.00,24,0.50,Capra ibex (Alpine ibex),0,2,0
8490,317,450,724,40,44,1.00,28,1.00,Aves (Bird),0,0,0
8500,309,94,802,33,44,1.00,26,0.50,Capra ibex (Alpine ibex),2,2,0
8500,310,110,862,32,36,1.00,24,0.50,Capra ibex (Alpine ibex),0,2,0
8500,311,138,769,31,44,1.00,24,0.50,Capra ibex (Alpine ibex),0,2,0
8500,312,105,620,22,28,1.00,22,0.50,Capra ibex (Alpine ibex),0,1,0
8500,313,132,618,25,28,1.00,22,0.50,Capra ibex (Alpine ibex),0,1,0
8500,314,119,789,26,25,1.00,22,0.50,Capra ibex (Alpine ibex),0,1,0
8500,315,131,580,29,36,1.00,20,0.50,Capra ibex (Alpine ibex),0,0,0
8500,316,85,765,31,36,1.00,24,0.50,Capra ibex (Alpine ibex),0,2,0
8500,317,408,724,40,44,1.00,28,1.00,Aves (Bird),0,0,0
8505,318,143,904,27,34,1.00,22,0.50,Capra ibex (Alpine ibex),0,1,0
8510,309,75,807,33,44,1.00,26,0.50,Capra ibex (Alpine ibex),2,2,0
8510,310,91,861,32,36,1.00,24,0.50,Capra ibex (Alpine ibex),0,2,0
8510,311,119,774,31,44,1.00,24,0.50,Capra ibex (Alpine ibex),0,2,0
8510,312,86,625,22,28,1.00,22,0.50,Capra ibex (Alpine ibex),0,1,0
8510,313,116,612,25,28,1.00,22,0.50,Capra ibex (Alpine ibex),0,1,0
8510,314,100,794,26,25,1.00,22,0.50,Capra ibex (Alpine ibex),0,1,0
8510,315,112,585,29,36,1.00,20,0.50,Capra ibex (Alpine ibex),0,0,0
8510,316,69,755,31,36,1.00,24,0.50,Capra ibex (Alpine ibex),0,2,0
8510,317,367,723,40,44,1.00,28,1.00,Aves (Bird),0,0,0
8520,309,55,799,33,44,1.00,26,0.50,Capra ibex (Alpine ibex),2,2,0
8520,310,71,859,32,36,1.00,24,0.50,Capra ibex (Alpine ibex),0,2,0
8520,311,96,769,31,44,1.00,24,0.50,Capra ibex (Alpine ibex),0,2,0
8520,312,66,623,22,28,1.00,22,0.50,Capra ibex (Alpine ibex),0,1,0
8520,313,97,611,25,28,1.00,22,0.50,Capra ibex (Alpine ibex),0,1,0
8520,314,74,789,26,25,1.00,22,0.50,Capra ibex (Alpine ibex),0,1,0
8520,315,92,583,29,36,1.00,20,0.50,Capra ibex (Alpine ibex),0,0,0
8520,316,51,745,31,36,1.00,24,0.50,Capra ibex (Alpine ibex),0,2,0
8520,317,326,725,40,44,1.00,28,1.00,Aves (Bird),0,0,0
8525,318,102,897,27,34,1.00,22,0.50,Capra ibex (Alpine ibex),0,1,0
8530,309,38,794,33,44,1.00,26,0.50,Capra ibex (Alpine ibex),2,2,0
8530,310,54,854,32,36,1.00,24,0.50,Capra ibex (Alpine ibex),0,2,0
8530,311,79,764,31,44,1.00,24,0.50,Capra ibex (Alpine ibex),0,2,0
8530,312,49,618,22,28,1.00,22,0.50,Capra ibex (Alpine ibex),0,1,0
8530,313,80,606,25,28,1.00,22,0.50,Capra ibex (Alpine ibex),0,1,0
8530,314,57,784,26,25,1.00,22,0.50,Capra ibex (Alpine ibex),0,1,0
8530,315,75,578,29,36,1.00,20,0.50,Capra ibex (Alpine ibex),0,0,0
8530,316,34,740,31,36,1.00,24,0.50,Capra ibex (Alpine ibex),0,2,0
8530,317,292,723,40,44,1.00,28,1.00,Aves (Bird),0,0,0
8540,309,18,795,33,44,1.00,26,0.50,Capra ibex (Alpine ibex),2,2,0
8540,310,34,855,32,36,1.00,24,0.50,Capra ibex (Alpine ibex),0,2,0
8540,311,56,764,31,44,1.00,24,0.50,Capra ibex (Alpine ibex),0,2,0
8540,312,31,619,22,28,1.00,22,0.50,Capra ibex (Alpine ibex),0,1,0
8540,313,60,607,25,28,1.00,22,0.50,Capra ibex (Alpine ibex),0,1,0
8540,314,36,786,26,25,1.00,22,0.50,Capra ibex (Alpine ibex),0,1,0
8540,315,55,579,29,36,1.00,20,0.50,Capra ibex (Alpine ibex),0,0,0
8540,316,14,732,31,36,1.00,24,0.50,Capra ibex (Alpine ibex),0,2,0
8540,317,247,719,40,44,1.00,28,1.00,Aves (Bird),0,0,0
8544,309,7,793,33,44,1.00,26,0.50,Capra ibex (Alpine ibex),2,2,0
8544,310,23,853,32,36,1.00,24,0.50,Capra ibex (Alpine ibex),0,2,0
8544,311,45,762,31,44,1.00,24,0.50,Capra ibex (Alpine ibex),0,2,0
8544,312,20,617,22,28,1.00,22,0.50,Capra ibex (Alpine ibex),0,1,0
8544,313,49,605,25,28,1.00,22,0.50,Capra ibex (Alpine ibex),0,1,0
8544,314,25,784,26,25,1.00,22,0.50,Capra ibex (Alpine ibex),0,1,0
8544,315,44,577,29,36,1.00,20,0.50,Capra ibex (Alpine ibex),0,0,0
8544,316,3,730,31,36,1.00,24,0.50,Capra ibex (Alpine ibex),0,2,0
8544,317,236,717,40,44,1.00,28,1.00,Aves (Bird),0,0,0
8545,318,62,895,27,34,1.00,22,0.50,Capra ibex (Alpine ibex),0,1,0
8553,312,4,622,22,28,1.00,22,0.50,Capra ibex (Alpine ibex),0,1,0
8553,313,33,610,25,28,1.00,22,0.50,Capra ibex (Alpine ibex),0,1,0
8553,314,9,789,26,25,1.00,22,0.50,Capra ibex (Alpine ibex),0,1,0
8554,310,5,858,32,36,1.00,24,0.50,Capra ibex (Alpine ibex),0,2,0
8554,311,27,767,31,44,1.00,24,0.50,Capra ibex (Alpine ibex),0,2,0
8554,312,2,622,22,28,1.00,22,0.50,Capra ibex (Alpine ibex),0,1,0
8554,313,31,610,25,28,1.00,22,0.50,Capra ibex (Alpine ibex),0,1,0
8554,314,7,789,26,25,1.00,22,0.50,Capra ibex (Alpine ibex),0,1,0
8554,315,26,582,29,36,1.00,20,0.50,Capra ibex (Alpine ibex),0,0,0
8563,310,0,855,26,36,1.00,24,0.50,Capra ibex (Alpine ibex),0,2,0
8563,311,16,764,31,44,1.00,24,0.50,Capra ibex (Alpine ibex),0,2,0
8563,313,20,607,25,28,1.00,22,0.50,Capra ibex (Alpine ibex),0,1,0
8563,315,15,579,29,36,1.00,20,0.50,Capra ibex (Alpine ibex),0,0,0
8563,318,30,895,27,34,1.00,22,0.50,Capra ibex (Alpine ibex),0,1,0
8564,317,151,718,40,44,1.00,28,1.00,Aves (Bird),0,0,0
8565,317,147,718,40,44,1.00,28,1.00,Aves (Bird),0,0,0
8565,318,26,895,27,34,1.00,22,0.50,Capra ibex (Alpine ibex),0,1,0
8569,311,0,768,31,44,1.00,24,0.50,Capra ibex (Alpine ibex),0,2,0
8584,317,78,713,40,44,1.00,28,1.00,Aves (Bird),0,0,0
8608,317,0,711,39,44,1.00,28,1.00,Aves (Bird),0,0,0
15736,319,297,128,32,31,1.00,13,0.50,Rupicapra rupicapra (Chamois),0,0,0
15741,319,310,129,32,31,1.00,13,0.50,Rupicapra rupicapra (Chamois),0,0,0
15746,319,321,128,32,31,1.00,13,0.50,Rupicapra rupicapra (Chamois),0,0,0
15761,319,355,125,32,31,1.00,13,0.50,Rupicapra rupicapra (Chamois),0,0,0
15781,319,395,126,32,31,1.00,13,0.50,Rupicapra rupicapra (Chamois),0,0,0
15801,319,440,121,32,31,1.00,13,0.50,Rupicapra rupicapra (Chamois),0,0,0
15821,319,488,122,32,31,1.00,13,0.50,Rupicapra rupicapra (Chamois),0,0,0
15824,319,493,122,32,31,1.00,13,0.50,Rupicapra rupicapra (Chamois),0,0,0
17090,320,944,316,25,21,1.00,13,0.50,Rupicapra rupicapra (Chamois),0,0,0
17090,321,935,297,37,26,1.00,13,0.50,Rupicapra rupicapra (Chamois),0,0,0
17100,320,920,318,25,21,1.00,13,0.50,Rupicapra rupicapra (Chamois),0,0,0
17100,321,912,297,37,26,1.00,13,0.50,Rupicapra rupicapra (Chamois),0,0,0
17110,320,895,319,25,21,1.00,13,0.50,Rupicapra rupicapra (Chamois),0,0,0
17110,321,888,297,37,26,1.00,13,0.50,Rupicapra rupicapra (Chamois),0,0,0
17120,320,864,317,25,21,1.00,13,0.50,Rupicapra rupicapra (Chamois),0,0,0
17120,321,863,294,37,26,1.00,13,0.50,Rupicapra rupicapra (Chamois),0,0,0
17132,320,830,321,25,21,1.00,13,0.50,Rupicapra rupicapra (Chamois),0,0,0
17132,321,829,298,37,26,1.00,13,0.50,Rupicapra rupicapra (Chamois),0,0,0
17262,320,547,340,25,21,1.00,13,0.50,Rupicapra rupicapra (Chamois),0,0,0
17262,321,540,318,37,26,1.00,13,0.50,Rupicapra rupicapra (Chamois),0,0,0
17322,320,421,332,25,21,1.00,13,0.50,Rupicapra rupicapra (Chamois),0,0,0
17322,321,412,313,37,26,1.00,13,0.50,Rupicapra rupicapra (Chamois),0,0,0
17342,320,378,334,25,21,1.00,13,0.50,Rupicapra rupicapra (Chamois),0,0,0
17342,321,371,308,37,26,1.00,13,0.50,Rupicapra rupicapra (Chamois),0,0,0
17362,320,336,333,25,21,1.00,13,0.50,Rupicapra rupicapra (Chamois),0,0,0
17362,321,330,312,37,26,1.00,13,0.50,Rupicapra rupicapra (Chamois),0,0,0
17392,320,278,335,25,21,1.00,13,0.50,Rupicapra rupicapra (Chamois),0,0,0
17392,321,270,314,37,26,1.00,13,0.50,Rupicapra rupicapra (Chamois),0,0,0
17412,320,235,337,25,21,1.00,13,0.50,Rupicapra rupicapra (Chamois),0,0,0
17412,321,229,316,37,26,1.00,13,0.50,Rupicapra rupicapra (Chamois),0,0,0
17432,320,196,333,25,21,1.00,13,0.50,Rupicapra rupicapra (Chamois),0,0,0
17432,321,190,312,37,26,1.00,13,0.50,Rupicapra rupicapra (Chamois),0,0,0
17442,320,175,334,25,21,1.00,13,0.50,Rupicapra rupicapra (Chamois),0,0,0
17442,321,169,313,37,26,1.00,13,0.50,Rupicapra rupicapra (Chamois),0,0,0
17472,320,116,340,25,21,1.00,13,0.50,Rupicapra rupicapra (Chamois),0,0,0
17472,321,110,319,37,26,1.00,13,0.50,Rupicapra rupicapra (Chamois),0,0,0
17492,320,77,338,25,21,1.00,13,0.50,Rupicapra rupicapra (Chamois),0,0,0
17492,321,69,317,37,26,1.00,13,0.50,Rupicapra rupicapra (Chamois),0,0,0
17512,320,41,341,25,21,1.00,13,0.50,Rupicapra rupicapra (Chamois),0,0,0
17512,321,33,320,37,26,1.00,13,0.50,Rupicapra rupicapra (Chamois),0,0,0
17525,320,13,342,25,21,1.00,13,0.50,Rupicapra rupicapra (Chamois),0,0,0
17525,321,5,321,37,26,1.00,13,0.50,Rupicapra rupicapra (Chamois),0,0,0
17986,322,0,745,30,25,1.00,13,0.50,Rupicapra rupicapra (Chamois),0,0,0
17986,323,10,768,28,21,1.00,13,0.50,Rupicapra rupicapra (Chamois),0,0,0
17996,322,16,744,31,25,1.00,13,0.50,Rupicapra rupicapra (Chamois),0,0,0
17996,323,27,767,28,21,1.00,13,0.50,Rupicapra rupicapra (Chamois),0,0,0
18016,322,54,750,31,25,1.00,13,0.50,Rupicapra rupicapra (Chamois),0,0,0
18016,323,65,770,28,21,1.00,13,0.50,Rupicapra rupicapra (Chamois),0,0,0
18036,322,93,755,31,25,1.00,13,0.50,Rupicapra rupicapra (Chamois),0,0,0
18036,323,104,772,28,21,1.00,13,0.50,Rupicapra rupicapra (Chamois),0,0,0
18056,322,131,757,31,25,1.00,13,0.50,Rupicapra rupicapra (Chamois),0,0,0
18056,323,139,770,28,21,1.00,13,0.50,Rupicapra rupicapra (Chamois),0,0,0
18076,322,174,759,31,25,1.00,13,0.50,Rupicapra rupicapra (Chamois),0,0,0
18076,323,182,772,28,21,1.00,13,0.50,Rupicapra rupicapra (Chamois),0,0,0
18096,322,215,760,31,25,1.00,13,0.50,Rupicapra rupicapra (Chamois),0,0,0
18096,323,223,775,28,21,1.00,13,0.50,Rupicapra rupicapra (Chamois),0,0,0
18116,322,255,760,31,25,1.00,13,0.50,Rupicapra rupicapra (Chamois),0,0,0
18116,323,263,775,28,21,1.00,13,0.50,Rupicapra rupicapra (Chamois),0,0,0
18136,322,298,764,31,25,1.00,13,0.50,Rupicapra rupicapra (Chamois),0,0,0
18136,323,306,779,28,21,1.00,13,0.50,Rupicapra rupicapra (Chamois),0,0,0
18156,322,337,765,31,25,1.00,13,0.50,Rupicapra rupicapra (Chamois),0,0,0
18156,323,345,780,28,21,1.00,13,0.50,Rupicapra rupicapra (Chamois),0,0,0
18176,322,383,768,31,25,1.00,13,0.50,Rupicapra rupicapra (Chamois),0,0,0
18176,323,391,783,28,21,1.00,13,0.50,Rupicapra rupicapra (Chamois),0,0,0
18196,322,423,768,31,25,1.00,13,0.50,Rupicapra rupicapra (Chamois),0,0,0
18196,323,431,783,28,21,1.00,13,0.50,Rupicapra rupicapra (Chamois),0,0,0
18216,322,467,768,31,25,1.00,13,0.50,Rupicapra rupicapra (Chamois),0,0,0
18216,323,475,783,28,21,1.00,13,0.50,Rupicapra rupicapra (Chamois),0,0,0
18236,322,514,771,31,25,1.00,13,0.50,Rupicapra rupicapra (Chamois),0,0,0
18236,323,522,786,28,21,1.00,13,0.50,Rupicapra rupicapra (Chamois),0,0,0
18256,322,561,774,31,25,1.00,13,0.50,Rupicapra rupicapra (Chamois),0,0,0
18256,323,569,789,28,21,1.00,13,0.50,Rupicapra rupicapra (Chamois),0,0,0
18276,322,604,771,31,25,1.00,13,0.50,Rupicapra rupicapra (Chamois),0,0,0
18276,323,612,786,28,21,1.00,13,0.50,Rupicapra rupicapra (Chamois),0,0,0
