95,2203,109,195,27,37,1.00,53,0.50,Sus scrofa (Wild boar),0,1,0
95,2205,249,37,21,31,1.00,53,0.50,Sus scrofa (Wild boar),0,1,0
95,2206,213,61,27,26,1.00,53,0.50,Sus scrofa (Wild boar),0,1,0
95,2209,239,31,18,36,1.00,51,0.50,Sus scrofa (Wild boar),0,0,0
105,2202,215,67,32,46,1.00,61,0.50,Sus scrofa x Sus domesticus (Hybrid Pig),0,0,0
105,2203,117,245,27,37,1.00,53,0.50,Sus scrofa (Wild boar),0,1,0
105,2204,233,74,19,30,1.00,53,0.50,Sus scrofa (Wild boar),0,1,0
105,2205,257,87,21,31,1.00,53,0.50,Sus scrofa (Wild boar),0,1,0
105,2206,221,111,27,26,1.00,53,0.50,Sus scrofa (Wild boar),0,1,0
105,2207,225,90,24,31,1.00,53,0.50,Sus scrofa (Wild boar),0,1,0
105,2209,247,81,18,36,1.00,51,0.50,Sus scrofa (Wild boar),0,0,0
115,2202,235,105,32,46,1.00,61,0.50,Sus scrofa x Sus domesticus (Hybrid Pig),0,0,0
115,2203,142,275,27,37,1.00,53,0.50,Sus scrofa (Wild boar),0,1,0
115,2204,258,104,19,30,1.00,53,0.50,Sus scrofa (Wild boar),0,1,0
115,2205,282,117,21,31,1.00,53,0.50,Sus scrofa (Wild boar),0,1,0
115,2206,253,126,27,26,1.00,53,0.50,Sus scrofa (Wild boar),0,1,0
115,2207,256,136,24,31,1.00,53,0.50,Sus scrofa (Wild boar),0,1,0
115,2209,272,111,18,36,1.00,51,0.50,Sus scrofa (Wild boar),0,0,0
125,2202,254,136,32,46,1.00,61,0.50,Sus scrofa x Sus domesticus (Hybrid Pig),0,0,0
125,2203,165,302,27,37,1.00,53,0.50,Sus scrofa (Wild boar),0,1,0
125,2204,278,132,19,30,1.00,53,0.50,Sus scrofa (Wild boar),0,1,0
125,2205,298,146,21,31,1.00,53,0.50,Sus scrofa (Wild boar),0,1,0
125,2206,269,154,27,26,1.00,53,0.50,Sus scrofa (Wild boar),0,1,0
125,2207,271,163,24,31,1.00,53,0.50,Sus scrofa (Wild boar),0,1,0
125,2208,372,72,25,31,1.00,53,0.50,Sus scrofa (Wild boar),0,1,0
125,2209,288,137,18,36,1.00,51,0.50,Sus scrofa (Wild boar),0,0,0
135,2202,269,171,32,46,1.00,61,0.50,Sus scrofa x Sus domesticus (Hybrid Pig),0,0,0
135,2203,182,342,27,37,1.00,53,0.50,Sus scrofa (Wild boar),0,1,0
135,2204,295,162,19,30,1.00,53,0.50,Sus scrofa (Wild boar),0,1,0
135,2205,318,181,21,31,1.00,53,0.50,Sus scrofa (Wild boar),0,1,0
135,2206,289,194,27,26,1.00,53,0.50,Sus scrofa (Wild boar),0,1,0
135,2207,291,203,24,31,1.00,53,0.50,Sus scrofa (Wild boar),0,1,0
135,2208,389,112,25,31,1.00,53,0.50,Sus scrofa (Wild boar),0,1,0
135,2209,307,177,18,36,1.00,51,0.50,Sus scrofa (Wild boar),0,0,0
135,2210,392,81,30,34,1.00,51,0.50,Sus scrofa (Wild boar),0,0,0
145,2202,278,210,32,46,1.00,61,0.50,Sus scrofa x Sus domesticus (Hybrid Pig),0,0,0
145,2203,196,377,27,37,1.00,53,0.50,Sus scrofa (Wild boar),0,1,0
145,2204,309,197,19,30,1.00,53,0.50,Sus scrofa (Wild boar),0,1,0
145,2205,332,216,21,31,1.00,53,0.50,Sus scrofa (Wild boar),0,1,0
145,2206,304,224,27,26,1.00,53,0.50,Sus scrofa (Wild boar),0,1,0
145,2207,303,236,24,31,1.00,53,0.50,Sus scrofa (Wild boar),0,1,0
145,2208,403,147,25,31,1.00,53,0.50,Sus scrofa (Wild boar),0,1,0
145,2209,321,212,18,36,1.00,51,0.50,Sus scrofa (Wild boar),0,0,0
145,2210,399,115,30,34,1.00,51,0.50,Sus scrofa (Wild boar),0,0,0
145,2212,401,88,47,31,1.00,51,0.50,Sus scrofa (Wild boar),0,0,0
145,2213,438,94,28,34,1.00,51,0.50,Sus scrofa (Wild boar),0,0,0
155,2202,285,253,32,46,1.00,61,0.50,Sus scrofa x Sus domesticus (Hybrid Pig),0,0,0
155,2203,207,414,27,37,1.00,53,0.50,Sus scrofa (Wild boar),0,1,0
155,2204,316,235,19,30,1.00,53,0.50,Sus scrofa (Wild boar),0,1,0
155,2205,342,257,21,31,1.00,53,0.50,Sus scrofa (Wild boar),0,1,0
155,2206,307,261,27,26,1.00,53,0.50,Sus scrofa (Wild boar),0,1,0
155,2207,311,275,24,31,1.00,53,0.50,Sus scrofa (Wild boar),0,1,0
155,2208,409,191,25,31,1.00,53,0.50,Sus scrofa (Wild boar),0,1,0
155,2209,332,249,18,36,1.00,51,0.50,Sus scrofa (Wild boar),0,0,0
155,2210,408,159,30,34,1.00,51,0.50,Sus scrofa (Wild boar),0,0,0
155,2212,412,125,47,31,1.00,51,0.50,Sus scrofa (Wild boar),0,0,0
155,2213,449,131,28,34,1.00,51,0.50,Sus scrofa (Wild boar),0,0,0
165,2202,286,292,32,46,1.00,61,0.50,Sus scrofa x Sus domesticus (Hybrid Pig),0,0,0
165,2203,207,452,27,37,1.00,53,0.50,Sus scrofa (Wild boar),0,1,0
165,2204,317,277,19,30,1.00,53,0.50,Sus scrofa (Wild boar),0,1,0
165,2205,346,293,21,31,1.00,53,0.50,Sus scrofa (Wild boar),0,1,0
165,2206,315,294,27,32,1.00,53,0.50,Sus scrofa (Wild boar),0,1,0
165,2207,318,312,24,31,1.00,53,0.50,Sus scrofa (Wild boar),0,1,0
165,2208,409,229,25,31,1.00,53,0.50,Sus scrofa (Wild boar),0,1,0
165,2209,332,287,18,36,1.00,51,0.50,Sus scrofa (Wild boar),0,0,0
165,2210,410,174,30,34,1.00,51,0.50,Sus scrofa (Wild boar),0,0,0
165,2211,293,72,57,40,1.00,55,0.50,Sus scrofa (Wild boar),0,2,0
165,2212,411,149,47,31,1.00,51,0.50,Sus scrofa (Wild boar),0,0,0
165,2213,450,170,28,34,1.00,51,0.50,Sus scrofa (Wild boar),0,0,0
169,2202,293,303,32,46,1.00,61,0.50,Sus scrofa x Sus domesticus (Hybrid Pig),0,0,0
169,2203,211,462,27,37,1.00,53,0.50,Sus scrofa (Wild boar),0,1,0
169,2204,322,288,19,30,1.00,53,0.50,Sus scrofa (Wild boar),0,1,0
169,2205,345,304,21,31,1.00,53,0.50,Sus scrofa (Wild boar),0,1,0
169,2206,311,312,27,32,1.00,53,0.50,Sus scrofa (Wild boar),0,1,0
169,2207,317,321,24,31,1.00,53,0.50,Sus scrofa (Wild boar),0,1,0
169,2208,407,245,25,31,1.00,53,0.50,Sus scrofa (Wild boar),0,1,0
169,2209,332,296,18,36,1.00,51,0.50,Sus scrofa (Wild boar),0,0,0
169,2210,410,196,30,34,1.00,51,0.50,Sus scrofa (Wild boar),0,0,0
169,2211,293,81,57,40,1.00,55,0.50,Sus scrofa (Wild boar),0,2,0
169,2212,412,167,47,31,1.00,51,0.50,Sus scrofa (Wild boar),0,0,0
169,2213,451,180,28,34,1.00,51,0.50,Sus scrofa (Wild boar),0,0,0
179,2202,290,347,32,46,1.00,61,0.50,Sus scrofa x Sus domesticus (Hybrid Pig),0,0,0
179,2203,214,505,27,37,1.00,53,0.50,Sus scrofa (Wild boar),0,1,0
179,2204,321,328,19,30,1.00,53,0.50,Sus scrofa (Wild boar),0,1,0
179,2205,347,342,21,31,1.00,53,0.50,Sus scrofa (Wild boar),0,1,0
179,2206,313,348,27,32,1.00,53,0.50,Sus scrofa (Wild boar),0,1,0
179,2207,317,367,24,31,1.00,53,0.50,Sus scrofa (Wild boar),0,1,0
179,2208,401,289,25,31,1.00,53,0.50,Sus scrofa (Wild boar),0,1,0
179,2209,335,339,18,36,1.00,51,0.50,Sus scrofa (Wild boar),0,0,0
179,2210,417,246,30,34,1.00,51,0.50,Sus scrofa (Wild boar),0,0,0
179,2211,296,124,57,40,1.00,55,0.50,Sus scrofa (Wild boar),0,2,0
179,2212,409,216,47,31,1.00,51,0.50,Sus scrofa (Wild boar),0,0,0
179,2213,448,221,28,34,1.00,51,0.50,Sus scrofa (Wild boar),0,0,0
182,2202,285,367,32,46,1.00,61,0.50,Sus scrofa x Sus domesticus (Hybrid Pig),0,0,0
182,2203,209,522,27,37,1.00,53,0.50,Sus scrofa (Wild boar),0,1,0
182,2204,320,339,19,30,1.00,53,0.50,Sus scrofa (Wild boar),0,1,0
182,2205,343,362,21,31,1.00,53,0.50,Sus scrofa (Wild boar),0,1,0
182,2206,313,359,27,32,1.00,53,0.50,Sus scrofa (Wild boar),0,1,0
182,2207,316,378,24,31,1.00,53,0.50,Sus scrofa (Wild boar),0,1,0
182,2208,400,313,25,31,1.00,53,0.50,Sus scrofa (Wild boar),0,1,0
189,2202,280,389,32,46,1.00,61,0.50,Sus scrofa x Sus domesticus (Hybrid Pig),0,0,0
189,2203,210,540,27,37,1.00,53,0.50,Sus scrofa (Wild boar),0,1,0
189,2204,319,366,19,30,1.00,53,0.50,Sus scrofa (Wild boar),0,1,0
189,2205,343,379,21,31,1.00,53,0.50,Sus scrofa (Wild boar),0,1,0
189,2206,312,383,27,32,1.00,53,0.50,Sus scrofa (Wild boar),0,1,0
189,2207,315,404,24,31,1.00,53,0.50,Sus scrofa (Wild boar),0,1,0
189,2208,396,335,25,31,1.00,53,0.50,Sus scrofa (Wild boar),0,1,0
189,2209,333,379,18,36,1.00,51,0.50,Sus scrofa (Wild boar),0,0,0
189,2210,415,282,30,34,1.00,51,0.50,Sus scrofa (Wild boar),0,0,0
189,2211,292,165,57,40,1.00,55,0.50,Sus scrofa (Wild boar),0,2,0
189,2212,407,252,47,31,1.00,51,0.50,Sus scrofa (Wild boar),0,0,0
189,2214,442,259,28,37,1.00,51,0.50,Sus scrofa (Wild boar),0,0,0
199,2202,277,431,32,46,1.00,61,0.50,Sus scrofa x Sus domesticus (Hybrid Pig),0,0,0
199,2203,204,578,27,37,1.00,53,0.50,Sus scrofa (Wild boar),0,1,0
199,2204,317,405,19,30,1.00,53,0.50,Sus scrofa (Wild boar),0,1,0
199,2205,339,421,21,31,1.00,53,0.50,Sus scrofa (Wild boar),0,1,0
199,2206,308,425,27,32,1.00,53,0.50,Sus scrofa (Wild boar),0,1,0
199,2207,310,443,24,31,1.00,53,0.50,Sus scrofa (Wild boar),0,1,0
199,2208,389,379,25,31,1.00,53,0.50,Sus scrofa (Wild boar),0,1,0
199,2209,330,413,18,36,1.00,51,0.50,Sus scrofa (Wild boar),0,0,0
199,2210,414,323,30,34,1.00,51,0.50,Sus scrofa (Wild boar),0,0,0
199,2211,291,197,57,40,1.00,55,0.50,Sus scrofa (Wild boar),0,2,0
199,2212,406,290,47,31,1.00,51,0.50,Sus scrofa (Wild boar),0,0,0
199,2214,445,296,28,37,1.00,51,0.50,Sus scrofa (Wild boar),0,0,0
209,2202,272,474,32,46,1.00,61,0.50,Sus scrofa x Sus domesticus (Hybrid Pig),0,0,0
209,2203,202,620,27,37,1.00,53,0.50,Sus scrofa (Wild boar),0,1,0
209,2204,314,446,19,30,1.00,53,0.50,Sus scrofa (Wild boar),0,1,0
209,2205,336,459,21,31,1.00,53,0.50,Sus scrofa (Wild boar),0,1,0
209,2206,302,461,27,32,1.00,53,0.50,Sus scrofa (Wild boar),0,1,0
209,2207,302,484,24,31,1.00,53,0.50,Sus scrofa (Wild boar),0,1,0
209,2208,380,424,25,31,1.00,53,0.50,Sus scrofa (Wild boar),0,1,0
209,2209,328,455,18,36,1.00,51,0.50,Sus scrofa (Wild boar),0,0,0
209,2210,410,361,30,34,1.00,51,0.50,Sus scrofa (Wild boar),0,0,0
209,2211,289,239,57,40,1.00,55,0.50,Sus scrofa (Wild boar),0,2,0
209,2212,404,332,47,31,1.00,51,0.50,Sus scrofa (Wild boar),0,0,0
209,2214,443,338,28,37,1.00,51,0.50,Sus scrofa (Wild boar),0,0,0
219,2202,264,514,32,46,1.00,61,0.50,Sus scrofa x Sus domesticus (Hybrid Pig),0,0,0
219,2203,197,654,27,37,1.00,53,0.50,Sus scrofa (Wild boar),0,1,0
219,2204,309,477,19,30,1.00,53,0.50,Sus scrofa (Wild boar),0,1,0
219,2205,330,495,21,31,1.00,53,0.50,Sus scrofa (Wild boar),0,1,0
219,2206,300,499,27,32,1.00,53,0.50,Sus scrofa (Wild boar),0,1,0
219,2207,293,515,24,31,1.00,53,0.50,Sus scrofa (Wild boar),0,1,0
219,2208,375,458,25,31,1.00,53,0.50,Sus scrofa (Wild boar),0,1,0
219,2209,323,489,18,36,1.00,51,0.50,Sus scrofa (Wild boar),0,0,0
219,2210,405,395,30,34,1.00,51,0.50,Sus scrofa (Wild boar),0,0,0
219,2211,284,275,57,40,1.00,55,0.50,Sus scrofa (Wild boar),0,2,0
219,2212,399,366,47,31,1.00,51,0.50,Sus scrofa (Wild boar),0,0,0
219,2214,429,375,28,37,1.00,51,0.50,Sus scrofa (Wild boar),0,0,0
229,2202,255,565,32,46,1.00,61,0.50,Sus scrofa x Sus domesticus (Hybrid Pig),0,0,0
229,2203,188,692,27,37,1.00,53,0.50,Sus scrofa (Wild boar),0,1,0
229,2204,300,515,19,30,1.00,53,0.50,Sus scrofa (Wild boar),0,1,0
229,2205,326,534,21,31,1.00,53,0.50,Sus scrofa (Wild boar),0,1,0
229,2206,291,537,27,32,1.00,53,0.50,Sus scrofa (Wild boar),0,1,0
229,2207,288,556,24,31,1.00,53,0.50,Sus scrofa (Wild boar),0,1,0
229,2208,367,510,25,31,1.00,53,0.50,Sus scrofa (Wild boar),0,1,0
229,2209,314,527,18,36,1.00,51,0.50,Sus scrofa (Wild boar),0,0,0
229,2210,396,433,30,34,1.00,51,0.50,Sus scrofa (Wild boar),0,0,0
229,2211,275,313,57,40,1.00,55,0.50,Sus scrofa (Wild boar),0,2,0
229,2212,390,404,47,31,1.00,51,0.50,Sus scrofa (Wild boar),0,0,0
229,2214,422,410,28,37,1.00,51,0.50,Sus scrofa (Wild boar),0,0,0
239,2202,252,606,32,46,1.00,61,0.50,Sus scrofa x Sus domesticus (Hybrid Pig),0,0,0
239,2203,185,733,27,37,1.00,53,0.50,Sus scrofa (Wild boar),0,1,0
239,2204,292,551,19,30,1.00,53,0.50,Sus scrofa (Wild boar),0,1,0
239,2205,317,575,21,31,1.00,53,0.50,Sus scrofa (Wild boar),0,1,0
239,2206,288,569,27,32,1.00,53,0.50,Sus scrofa (Wild boar),0,1,0
239,2207,280,594,24,31,1.00,53,0.50,Sus scrofa (Wild boar),0,1,0
239,2208,350,550,25,31,1.00,53,0.50,Sus scrofa (Wild boar),0,1,0
239,2209,307,562,18,36,1.00,51,0.50,Sus scrofa (Wild boar),0,0,0
239,2210,387,474,30,34,1.00,51,0.50,Sus scrofa (Wild boar),0,0,0
239,2211,263,347,57,40,1.00,55,0.50,Sus scrofa (Wild boar),0,2,0
239,2212,379,441,47,31,1.00,51,0.50,Sus scrofa (Wild boar),0,0,0
239,2214,419,442,28,37,1.00,51,0.50,Sus scrofa (Wild boar),0,0,0
249,2202,242,652,32,46,1.00,61,0.50,Sus scrofa x Sus domesticus (Hybrid Pig),0,0,0
249,2203,176,766,27,37,1.00,53,0.50,Sus scrofa (Wild boar),0,1,0
249,2204,290,593,19,30,1.00,53,0.50,Sus scrofa (Wild boar),0,1,0
249,2205,312,606,21,31,1.00,53,0.50,Sus scrofa (Wild boar),0,1,0
249,2206,284,609,27,32,1.00,53,0.50,Sus scrofa (Wild boar),0,1,0
249,2207,271,627,24,31,1.00,53,0.50,Sus scrofa (Wild boar),0,1,0
249,2208,341,583,25,31,1.00,53,0.50,Sus scrofa (Wild boar),0,1,0
249,2209,302,603,18,36,1.00,51,0.50,Sus scrofa (Wild boar),0,0,0
249,2210,381,499,30,34,1.00,51,0.50,Sus scrofa (Wild boar),0,0,0
249,2211,264,393,57,40,1.00,55,0.50,Sus scrofa (Wild boar),0,2,0
249,2212,375,478,47,31,1.00,51,0.50,Sus scrofa (Wild boar),0,0,0
249,2214,417,484,28,37,1.00,51,0.50,Sus scrofa (Wild boar),0,0,0
259,2202,236,687,32,46,1.00,61,0.50,Sus scrofa x Sus domesticus (Hybrid Pig),0,0,0
259,2203,170,801,27,37,1.00,53,0.50,Sus scrofa (Wild boar),0,1,0
259,2204,284,630,19,30,1.00,53,0.50,Sus scrofa (Wild boar),0,1,0
259,2205,304,650,21,31,1.00,53,0.50,Sus scrofa (Wild boar),0,1,0
259,2206,270,647,27,32,1.00,53,0.50,Sus scrofa (Wild boar),0,1,0
259,2207,265,662,24,31,1.00,53,0.50,Sus scrofa (Wild boar),0,1,0
259,2208,335,618,25,31,1.00,53,0.50,Sus scrofa (Wild boar),0,1,0
259,2209,295,640,18,36,1.00,51,0.50,Sus scrofa (Wild boar),0,0,0
259,2210,379,542,30,34,1.00,51,0.50,Sus scrofa (Wild boar),0,0,0
259,2211,258,428,57,40,1.00,55,0.50,Sus scrofa (Wild boar),0,2,0
259,2212,377,521,47,31,1.00,51,0.50,Sus scrofa (Wild boar),0,0,0
259,2214,412,527,28,37,1.00,51,0.50,Sus scrofa (Wild boar),0,0,0
269,2202,230,731,32,46,1.00,61,0.50,Sus scrofa x Sus domesticus (Hybrid Pig),0,0,0
269,2203,163,839,27,37,1.00,53,0.50,Sus scrofa (Wild boar),0,1,0
269,2204,277,668,19,30,1.00,53,0.50,Sus scrofa (Wild boar),0,1,0
269,2205,300,687,21,31,1.00,53,0.50,Sus scrofa (Wild boar),0,1,0
269,2206,261,693,27,32,1.00,53,0.50,Sus scrofa (Wild boar),0,1,0
269,2207,252,698,24,31,1.00,53,0.50,Sus scrofa (Wild boar),0,1,0
269,2208,322,656,25,31,1.00,53,0.50,Sus scrofa (Wild boar),0,1,0
269,2209,289,683,18,36,1.00,51,0.50,Sus scrofa (Wild boar),0,0,0
269,2210,372,580,30,34,1.00,51,0.50,Sus scrofa (Wild boar),0,0,0
269,2211,251,466,57,40,1.00,55,0.50,Sus scrofa (Wild boar),0,2,0
269,2212,370,559,47,31,1.00,51,0.50,Sus scrofa (Wild boar),0,0,0
269,2214,405,565,28,37,1.00,51,0.50,Sus scrofa (Wild boar),0,0,0
279,2202,222,769,32,46,1.00,61,0.50,Sus scrofa x Sus domesticus (Hybrid Pig),0,0,0
279,2203,155,877,27,37,1.00,53,0.50,Sus scrofa (Wild boar),0,1,0
279,2204,269,706,19,30,1.00,53,0.50,Sus scrofa (Wild boar),0,1,0
279,2205,292,723,21,31,1.00,53,0.50,Sus scrofa (Wild boar),0,1,0
279,2206,255,724,27,32,1.00,53,0.50,Sus scrofa (Wild boar),0,1,0
279,2207,244,736,24,31,1.00,53,0.50,Sus scrofa (Wild boar),0,1,0
279,2208,314,694,25,31,1.00,53,0.50,Sus scrofa (Wild boar),0,1,0
279,2209,281,721,18,36,1.00,51,0.50,Sus scrofa (Wild boar),0,0,0
279,2210,365,625,30,34,1.00,51,0.50,Sus scrofa (Wild boar),0,0,0
279,2211,240,505,57,40,1.00,55,0.50,Sus scrofa (Wild boar),0,2,0
279,2212,362,597,47,31,1.00,51,0.50,Sus scrofa (Wild boar),0,0,0
279,2214,397,603,28,37,1.00,51,0.50,Sus scrofa (Wild boar),0,0,0
289,2202,213,805,32,46,1.00,61,0.50,Sus scrofa x Sus domesticus (Hybrid Pig),0,0,0
289,2203,146,913,27,37,1.00,53,0.50,Sus scrofa (Wild boar),0,1,0
289,2204,260,742,19,30,1.00,53,0.50,Sus scrofa (Wild boar),0,1,0
289,2205,287,766,21,31,1.00,53,0.50,Sus scrofa (Wild boar),0,1,0
289,2206,250,762,27,32,1.00,53,0.50,Sus scrofa (Wild boar),0,1,0
289,2207,238,780,24,31,1.00,53,0.50,Sus scrofa (Wild boar),0,1,0
289,2208,298,730,25,31,1.00,53,0.50,Sus scrofa (Wild boar),0,1,0
289,2209,272,757,18,36,1.00,51,0.50,Sus scrofa (Wild boar),0,0,0
289,2210,359,665,30,34,1.00,51,0.50,Sus scrofa (Wild boar),0,0,0
289,2211,237,547,55,44,1.00,55,0.50,Sus scrofa (Wild boar),0,2,0
289,2212,354,633,47,31,1.00,51,0.50,Sus scrofa (Wild boar),0,0,0
289,2214,388,638,28,37,1.00,51,0.50,Sus scrofa (Wild boar),0,0,0
299,2202,208,843,32,46,1.00,61,0.50,Sus scrofa x Sus domesticus (Hybrid Pig),0,0,0
299,2204,253,779,19,30,1.00,53,0.50,Sus scrofa (Wild boar),0,1,0
299,2205,277,800,21,31,1.00,53,0.50,Sus scrofa (Wild boar),0,1,0
299,2206,246,795,27,32,1.00,53,0.50,Sus scrofa (Wild boar),0,1,0
299,2207,229,815,24,31,1.00,53,0.50,Sus scrofa (Wild boar),0,1,0
299,2208,290,769,25,31,1.00,53,0.50,Sus scrofa (Wild boar),0,1,0
299,2209,265,789,18,36,1.00,51,0.50,Sus scrofa (Wild boar),0,0,0
299,2210,349,708,30,34,1.00,51,0.50,Sus scrofa (Wild boar),0,0,0
299,2211,235,587,55,44,1.00,55,0.50,Sus scrofa (Wild boar),0,2,0
299,2212,343,679,47,31,1.00,51,0.50,Sus scrofa (Wild boar),0,0,0
299,2214,383,681,28,37,1.00,51,0.50,Sus scrofa (Wild boar),0,0,0
309,2202,206,880,32,46,1.00,61,0.50,Sus scrofa x Sus domesticus (Hybrid Pig),0,0,0
309,2204,251,816,19,30,1.00,53,0.50,Sus scrofa (Wild boar),0,1,0
309,2205,275,837,21,31,1.00,53,0.50,Sus scrofa (Wild boar),0,1,0
309,2206,244,832,27,32,1.00,53,0.50,Sus scrofa (Wild boar),0,1,0
309,2207,225,855,28,25,1.00,53,0.50,Sus scrofa (Wild boar),0,1,0
309,2208,278,809,25,31,1.00,53,0.50,Sus scrofa (Wild boar),0,1,0
309,2209,263,826,18,36,1.00,51,0.50,Sus scrofa (Wild boar),0,0,0
309,2210,343,733,30,34,1.00,51,0.50,Sus scrofa (Wild boar),0,0,0
309,2211,238,622,51,52,1.00,55,0.50,Sus scrofa (Wild boar),0,2,0
309,2212,333,708,47,31,1.00,51,0.50,Sus scrofa (Wild boar),0,0,0
309,2214,378,716,28,37,1.00,51,0.50,Sus scrofa (Wild boar),0,0,0
310,2204,251,819,19,30,1.00,53,0.50,Sus scrofa (Wild boar),0,1,0
310,2205,274,840,21,31,1.00,53,0.50,Sus scrofa (Wild boar),0,1,0
310,2206,244,836,27,32,1.00,53,0.50,Sus scrofa (Wild boar),0,1,0
310,2207,225,858,28,25,1.00,53,0.50,Sus scrofa (Wild boar),0,1,0
310,2208,278,812,25,31,1.00,53,0.50,Sus scrofa (Wild boar),0,1,0
316,2204,248,839,19,30,1.00,53,0.50,Sus scrofa (Wild boar),0,1,0
316,2205,269,858,21,31,1.00,53,0.50,Sus scrofa (Wild boar),0,1,0
316,2206,241,862,27,32,1.00,53,0.50,Sus scrofa (Wild boar),0,1,0
316,2207,225,877,28,25,1.00,53,0.50,Sus scrofa (Wild boar),0,1,0
316,2208,275,832,25,31,1.00,53,0.50,Sus scrofa (Wild boar),0,1,0
319,2202,202,913,32,46,1.00,61,0.50,Sus scrofa x Sus domesticus (Hybrid Pig),0,0,0
319,2204,247,849,19,30,1.00,53,0.50,Sus scrofa (Wild boar),0,1,0
319,2205,267,867,21,31,1.00,53,0.50,Sus scrofa (Wild boar),0,1,0
319,2206,239,875,27,32,1.00,53,0.50,Sus scrofa (Wild boar),0,1,0
319,2207,225,887,28,25,1.00,53,0.50,Sus scrofa (Wild boar),0,1,0
319,2208,274,842,25,31,1.00,53,0.50,Sus scrofa (Wild boar),0,1,0
319,2209,256,861,18,36,1.00,51,0.50,Sus scrofa (Wild boar),0,0,0
319,2210,342,776,30,34,1.00,51,0.50,Sus scrofa (Wild boar),0,0,0
319,2211,238,666,51,52,1.00,55,0.50,Sus scrofa (Wild boar),0,2,0
319,2212,336,744,47,31,1.00,51,0.50,Sus scrofa (Wild boar),0,0,0
319,2214,371,753,28,37,1.00,51,0.50,Sus scrofa (Wild boar),0,0,0
329,2204,245,889,19,30,1.00,53,0.50,Sus scrofa (Wild boar),0,1,0
329,2205,265,907,21,31,1.00,53,0.50,Sus scrofa (Wild boar),0,1,0
329,2206,237,915,27,32,1.00,53,0.50,Sus scrofa (Wild boar),0,1,0
329,2207,223,927,28,25,1.00,53,0.50,Sus scrofa (Wild boar),0,1,0
329,2208,272,882,25,31,1.00,53,0.50,Sus scrofa (Wild boar),0,1,0
329,2209,254,901,18,36,1.00,51,0.50,Sus scrofa (Wild boar),0,0,0
329,2210,340,816,30,34,1.00,51,0.50,Sus scrofa (Wild boar),0,0,0
329,2211,236,706,51,52,1.00,55,0.50,Sus scrofa (Wild boar),0,2,0
329,2212,334,784,47,31,1.00,51,0.50,Sus scrofa (Wild boar),0,0,0
329,2214,369,793,28,37,1.00,51,0.50,Sus scrofa (Wild boar),0,0,0
339,2204,245,937,19,30,1.00,53,0.50,Sus scrofa (Wild boar),0,1,0
339,2208,272,930,25,31,1.00,53,0.50,Sus scrofa (Wild boar),0,1,0
339,2210,340,864,30,34,1.00,51,0.50,Sus scrofa (Wild boar),0,0,0
339,2211,236,754,51,52,1.00,55,0.50,Sus scrofa (Wild boar),0,2,0
339,2212,334,834,47,31,1.00,51,0.50,Sus scrofa (Wild boar),0,0,0
339,2214,369,841,28,37,1.00,51,0.50,Sus scrofa (Wild boar),0,0,0
349,2210,339,907,30,34,1.00,51,0.50,Sus scrofa (Wild boar),0,0,0
349,2211,244,790,51,52,1.00,55,0.50,Sus scrofa (Wild boar),0,2,0
349,2212,333,877,47,31,1.00,51,0.50,Sus scrofa (Wild boar),0,0,0
349,2214,368,884,28,37,1.00,51,0.50,Sus scrofa (Wild boar),0,0,0
359,2211,244,840,51,52,1.00,55,0.50,Sus scrofa (Wild boar),0,2,0
359,2212,333,927,47,31,1.00,51,0.50,Sus scrofa (Wild boar),0,0,0
366,2211,245,862,51,52,1.00,55,0.50,Sus scrofa (Wild boar),0,2,0
369,2211,246,872,51,52,1.00,55,0.50,Sus scrofa (Wild boar),0,2,0
379,2211,227,897,51,52,1.00,55,0.50,Sus scrofa (Wild boar),0,2,0
381,2211,230,905,51,52,1.00,55,0.50,Sus scrofa (Wild boar),0,2,0
1702,2215,554,886,32,64,1.00,60,1.00,Sus scrofa x Sus domesticus (Hybrid Pig),0,0,0
1702,2217,796,925,70,43,1.00,54,1.00,Sus scrofa (Wild boar),0,2,0
1702,2218,577,891,38,57,1.00,50,1.00,Sus scrofa (Wild boar),0,0,0
1712,2216,558,903,48,51,1.00,54,1.00,Sus scrofa (Wild boar),0,2,0
1712,2217,787,893,70,43,1.00,54,1.00,Sus scrofa (Wild boar),0,2,0
1712,2218,568,859,38,57,1.00,50,1.00,Sus scrofa (Wild boar),0,0,0
1712,2219,605,892,35,35,1.00,52,1.00,Sus scrofa (Wild boar),0,1,0
1722,2215,535,816,32,64,1.00,60,1.00,Sus scrofa x Sus domesticus (Hybrid Pig),0,0,0
1722,2216,545,865,48,51,1.00,54,1.00,Sus scrofa (Wild boar),0,2,0
1722,2217,774,855,70,43,1.00,54,1.00,Sus scrofa (Wild boar),0,2,0
1722,2218,560,821,38,57,1.00,50,1.00,Sus scrofa (Wild boar),0,0,0
1722,2219,594,857,35,35,1.00,52,1.00,Sus scrofa (Wild boar),0,1,0
1732,2215,522,773,32,64,1.00,60,1.00,Sus scrofa x Sus domesticus (Hybrid Pig),0,0,0
1732,2216,532,822,48,51,1.00,54,1.00,Sus scrofa (Wild boar),0,2,0
1732,2217,770,820,70,43,1.00,54,1.00,Sus scrofa (Wild boar),0,2,0
1732,2218,545,780,38,57,1.00,50,1.00,Sus scrofa (Wild boar),0,0,0
1732,2219,580,814,35,35,1.00,52,1.00,Sus scrofa (Wild boar),0,1,0
1732,2220,1023,874,1,55,1.00,52,1.00,Sus scrofa (Wild boar),0,1,0
1742,2215,511,732,32,64,1.00,60,1.00,Sus scrofa x Sus domesticus (Hybrid Pig),0,0,0
1742,2216,522,785,48,51,1.00,54,1.00,Sus scrofa (Wild boar),0,2,0
1742,2217,759,779,70,43,1.00,54,1.00,Sus scrofa (Wild boar),0,2,0
1742,2218,537,740,38,57,1.00,50,1.00,Sus scrofa (Wild boar),0,0,0
1742,2219,573,779,35,35,1.00,52,1.00,Sus scrofa (Wild boar),0,1,0
1742,2220,1012,833,12,55,1.00,52,1.00,Sus scrofa (Wild boar),0,1,0
1752,2215,501,698,32,64,1.00,60,1.00,Sus scrofa x Sus domesticus (Hybrid Pig),0,0,0
1752,2216,512,745,48,51,1.00,54,1.00,Sus scrofa (Wild boar),0,2,0
1752,2217,749,745,70,43,1.00,54,1.00,Sus scrofa (Wild boar),0,2,0
1752,2218,529,711,38,57,1.00,50,1.00,Sus scrofa (Wild boar),0,0,0
1752,2219,569,744,35,35,1.00,52,1.00,Sus scrofa (Wild boar),0,1,0
1752,2220,1005,799,19,55,1.00,52,1.00,Sus scrofa (Wild boar),0,1,0
1752,2221,913,934,32,39,1.00,52,1.00,Sus scrofa (Wild boar),0,1,0
1762,2215,492,661,32,64,1.00,60,1.00,Sus scrofa x Sus domesticus (Hybrid Pig),0,0,0
1762,2216,503,708,48,51,1.00,54,1.00,Sus scrofa (Wild boar),0,2,0
1762,2217,740,703,70,43,1.00,54,1.00,Sus scrofa (Wild boar),0,2,0
1762,2218,520,674,38,57,1.00,50,1.00,Sus scrofa (Wild boar),0,0,0
1762,2219,557,713,35,35,1.00,52,1.00,Sus scrofa (Wild boar),0,1,0
1762,2220,997,761,27,55,1.00,52,1.00,Sus scrofa (Wild boar),0,1,0
1762,2221,904,897,32,39,1.00,52,1.00,Sus scrofa (Wild boar),0,1,0
1772,2215,479,622,32,64,1.00,60,1.00,Sus scrofa x Sus domesticus (Hybrid Pig),0,0,0
1772,2216,493,677,48,51,1.00,54,1.00,Sus scrofa (Wild boar),0,2,0
1772,2217,731,673,70,43,1.00,54,1.00,Sus scrofa (Wild boar),0,2,0
1772,2218,507,635,38,57,1.00,50,1.00,Sus scrofa (Wild boar),0,0,0
1772,2219,549,677,35,35,1.00,52,1.00,Sus scrofa (Wild boar),0,1,0
1772,2220,984,722,31,55,1.00,52,1.00,Sus scrofa (Wild boar),0,1,0
1772,2221,891,858,32,39,1.00,52,1.00,Sus scrofa (Wild boar),0,1,0
1782,2215,473,589,32,64,1.00,60,1.00,Sus scrofa x Sus domesticus (Hybrid Pig),0,0,0
1782,2216,485,637,48,51,1.00,54,1.00,Sus scrofa (Wild boar),0,2,0
1782,2217,725,640,70,43,1.00,54,1.00,Sus scrofa (Wild boar),0,2,0
1782,2218,501,602,38,57,1.00,50,1.00,Sus scrofa (Wild boar),0,0,0
1782,2219,543,644,35,35,1.00,52,1.00,Sus scrofa (Wild boar),0,1,0
1782,2220,976,685,31,55,1.00,52,1.00,Sus scrofa (Wild boar),0,1,0
1782,2221,885,825,32,39,1.00,52,1.00,Sus scrofa (Wild boar),0,1,0
1782,2222,1009,652,15,20,1.00,52,1.00,Sus scrofa (Wild boar),0,1,0
1782,2223,1011,663,13,22,1.00,52,1.00,Sus scrofa (Wild boar),0,1,0
1782,2224,1007,683,17,31,1.00,52,1.00,Sus scrofa (Wild boar),0,1,0
1792,2215,467,545,32,64,1.00,60,1.00,Sus scrofa x Sus domesticus (Hybrid Pig),0,0,0
1792,2216,476,599,48,51,1.00,54,1.00,Sus scrofa (Wild boar),0,2,0
1792,2217,714,599,70,43,1.00,54,1.00,Sus scrofa (Wild boar),0,2,0
1792,2218,498,573,38,57,1.00,50,1.00,Sus scrofa (Wild boar),0,0,0
1792,2219,540,614,35,35,1.00,52,1.00,Sus scrofa (Wild boar),0,1,0
1792,2220,967,640,31,55,1.00,52,1.00,Sus scrofa (Wild boar),0,1,0
1792,2221,876,783,32,39,1.00,52,1.00,Sus scrofa (Wild boar),0,1,0
1792,2222,999,609,25,20,1.00,52,1.00,Sus scrofa (Wild boar),0,1,0
1792,2223,1004,628,20,22,1.00,52,1.00,Sus scrofa (Wild boar),0,1,0
1792,2224,996,644,23,31,1.00,52,1.00,Sus scrofa (Wild boar),0,1,0
1802,2215,458,517,32,64,1.00,60,1.00,Sus scrofa x Sus domesticus (Hybrid Pig),0,0,0
1802,2216,468,568,48,51,1.00,54,1.00,Sus scrofa (Wild boar),0,2,0
1802,2217,707,563,70,43,1.00,54,1.00,Sus scrofa (Wild boar),0,2,0
1802,2218,491,542,38,57,1.00,50,1.00,Sus scrofa (Wild boar),0,0,0
1802,2219,537,580,35,35,1.00,52,1.00,Sus scrofa (Wild boar),0,1,0
1802,2220,962,601,31,55,1.00,52,1.00,Sus scrofa (Wild boar),0,1,0
1802,2221,865,752,32,39,1.00,52,1.00,Sus scrofa (Wild boar),0,1,0
1802,2222,989,579,28,20,1.00,52,1.00,Sus scrofa (Wild boar),0,1,0
1802,2223,993,592,31,22,1.00,52,1.00,Sus scrofa (Wild boar),0,1,0
1802,2224,988,614,29,27,1.00,52,1.00,Sus scrofa (Wild boar),0,1,0
1812,2215,452,477,32,64,1.00,60,1.00,Sus scrofa x Sus domesticus (Hybrid Pig),0,0,0
1812,2216,462,528,48,51,1.00,54,1.00,Sus scrofa (Wild boar),0,2,0
1812,2217,701,526,70,43,1.00,54,1.00,Sus scrofa (Wild boar),0,2,0
1812,2218,487,509,38,57,1.00,50,1.00,Sus scrofa (Wild boar),0,0,0
1812,2219,539,549,35,35,1.00,52,1.00,Sus scrofa (Wild boar),0,1,0
1812,2220,956,561,31,55,1.00,52,1.00,Sus scrofa (Wild boar),0,1,0
1812,2221,858,718,32,39,1.00,52,1.00,Sus scrofa (Wild boar),0,1,0
1812,2222,984,540,28,20,1.00,52,1.00,Sus scrofa (Wild boar),0,1,0
1812,2223,992,560,31,22,1.00,52,1.00,Sus scrofa (Wild boar),0,1,0
1812,2224,980,584,29,27,1.00,52,1.00,Sus scrofa (Wild boar),0,1,0
1822,2215,445,438,32,64,1.00,60,1.00,Sus scrofa x Sus domesticus (Hybrid Pig),0,0,0
1822,2216,455,489,48,51,1.00,54,1.00,Sus scrofa (Wild boar),0,2,0
1822,2217,698,487,70,43,1.00,54,1.00,Sus scrofa (Wild boar),0,2,0
1822,2218,482,481,38,57,1.00,50,1.00,Sus scrofa (Wild boar),0,0,0
1822,2219,536,514,35,35,1.00,52,1.00,Sus scrofa (Wild boar),0,1,0
1822,2220,947,520,31,55,1.00,52,1.00,Sus scrofa (Wild boar),0,1,0
1822,2221,856,677,32,39,1.00,52,1.00,Sus scrofa (Wild boar),0,1,0
1822,2222,977,501,28,20,1.00,52,1.00,Sus scrofa (Wild boar),0,1,0
1822,2223,985,521,31,22,1.00,52,1.00,Sus scrofa (Wild boar),0,1,0
1822,2224,977,540,29,27,1.00,52,1.00,Sus scrofa (Wild boar),0,1,0
1832,2215,441,401,32,64,1.00,60,1.00,Sus scrofa x Sus domesticus (Hybrid Pig),0,0,0
1832,2216,448,457,48,51,1.00,54,1.00,Sus scrofa (Wild boar),0,2,0
1832,2217,687,457,70,43,1.00,54,1.00,Sus scrofa (Wild boar),0,2,0
1832,2218,473,443,38,57,1.00,50,1.00,Sus scrofa (Wild boar),0,0,0
1832,2219,532,477,35,35,1.00,52,1.00,Sus scrofa (Wild boar),0,1,0
1832,2220,937,480,31,55,1.00,52,1.00,Sus scrofa (Wild boar),0,1,0
1832,2221,852,640,32,39,1.00,52,1.00,Sus scrofa (Wild boar),0,1,0
1832,2222,968,467,32,20,1.00,52,1.00,Sus scrofa (Wild boar),0,1,0
1832,2223,981,484,31,22,1.00,52,1.00,Sus scrofa (Wild boar),0,1,0
1832,2224,967,503,29,27,1.00,52,1.00,Sus scrofa (Wild boar),0,1,0
1832,2225,1000,373,24,62,1.00,54,1.00,Sus scrofa (Wild boar),0,2,0
1832,2226,1011,486,13,26,1.00,52,1.00,Sus scrofa (Wild boar),0,1,0
1832,2227,1011,466,13,26,1.00,52,1.00,Sus scrofa (Wild boar),0,1,0
1842,2215,439,368,32,64,1.00,60,1.00,Sus scrofa x Sus domesticus (Hybrid Pig),0,0,0
1842,2216,445,421,48,51,1.00,54,1.00,Sus scrofa (Wild boar),0,2,0
1842,2217,687,422,70,43,1.00,54,1.00,Sus scrofa (Wild boar),0,2,0
1842,2218,469,411,38,57,1.00,50,1.00,Sus scrofa (Wild boar),0,0,0
1842,2219,530,444,35,35,1.00,52,1.00,Sus scrofa (Wild boar),0,1,0
1842,2220,931,440,31,55,1.00,52,1.00,Sus scrofa (Wild boar),0,1,0
1842,2221,850,607,32,39,1.00,52,1.00,Sus scrofa (Wild boar),0,1,0
1842,2222,966,434,32,20,1.00,52,1.00,Sus scrofa (Wild boar),0,1,0
1842,2223,976,449,31,22,1.00,52,1.00,Sus scrofa (Wild boar),0,1,0
1842,2224,966,468,29,27,1.00,52,1.00,Sus scrofa (Wild boar),0,1,0
1842,2225,998,340,26,62,1.00,54,1.00,Sus scrofa (Wild boar),0,2,0
1842,2226,1009,453,15,26,1.00,52,1.00,Sus scrofa (Wild boar),0,1,0
1842,2227,1009,433,15,26,1.00,52,1.00,Sus scrofa (Wild boar),0,1,0
1852,2215,432,325,32,64,1.00,60,1.00,Sus scrofa x Sus domesticus (Hybrid Pig),0,0,0
1852,2216,442,382,48,51,1.00,54,1.00,Sus scrofa (Wild boar),0,2,0
1852,2217,690,383,70,43,1.00,54,1.00,Sus scrofa (Wild boar),0,2,0
1852,2218,474,374,38,57,1.00,50,1.00,Sus scrofa (Wild boar),0,0,0
1852,2219,523,401,35,35,1.00,52,1.00,Sus scrofa (Wild boar),0,1,0
1852,2220,924,397,31,55,1.00,52,1.00,Sus scrofa (Wild boar),0,1,0
1852,2221,843,568,32,39,1.00,52,1.00,Sus scrofa (Wild boar),0,1,0
1852,2222,959,396,32,20,1.00,52,1.00,Sus scrofa (Wild boar),0,1,0
1852,2223,971,409,31,22,1.00,52,1.00,Sus scrofa (Wild boar),0,1,0
1852,2224,961,427,29,27,1.00,52,1.00,Sus scrofa (Wild boar),0,1,0
1852,2225,993,299,31,62,1.00,54,1.00,Sus scrofa (Wild boar),0,2,0
1852,2226,1004,412,20,26,1.00,52,1.00,Sus scrofa (Wild boar),0,1,0
1852,2227,1000,393,24,26,1.00,52,1.00,Sus scrofa (Wild boar),0,1,0
1862,2215,427,293,32,64,1.00,60,1.00,Sus scrofa x Sus domesticus (Hybrid Pig),0,0,0
1862,2216,432,343,48,51,1.00,54,1.00,Sus scrofa (Wild boar),0,2,0
1862,2217,690,354,70,43,1.00,54,1.00,Sus scrofa (Wild boar),0,2,0
1862,2218,464,338,36,59,1.00,50,1.00,Sus scrofa (Wild boar),0,0,0
1862,2219,525,372,35,35,1.00,52,1.00,Sus scrofa (Wild boar),0,1,0
1862,2220,924,365,31,55,1.00,52,1.00,Sus scrofa (Wild boar),0,1,0
1862,2221,838,531,32,39,1.00,52,1.00,Sus scrofa (Wild boar),0,1,0
1862,2222,954,361,32,20,1.00,52,1.00,Sus scrofa (Wild boar),0,1,0
1862,2223,968,376,31,22,1.00,52,1.00,Sus scrofa (Wild boar),0,1,0
1862,2224,960,394,29,27,1.00,52,1.00,Sus scrofa (Wild boar),0,1,0
1862,2225,995,264,29,62,1.00,54,1.00,Sus scrofa (Wild boar),0,2,0
1862,2226,1000,378,24,32,1.00,52,1.00,Sus scrofa (Wild boar),0,1,0
1862,2227,997,355,27,26,1.00,52,1.00,Sus scrofa (Wild boar),0,1,0
1872,2215,425,257,32,64,1.00,60,1.00,Sus scrofa x Sus domesticus (Hybrid Pig),0,0,0
1872,2216,435,313,48,51,1.00,54,1.00,Sus scrofa (Wild boar),0,2,0
1872,2217,691,322,70,43,1.00,54,1.00,Sus scrofa (Wild boar),0,2,0
1872,2218,465,299,36,59,1.00,50,1.00,Sus scrofa (Wild boar),0,0,0
1872,2219,526,343,35,35,1.00,52,1.00,Sus scrofa (Wild boar),0,1,0
1872,2220,922,329,31,55,1.00,52,1.00,Sus scrofa (Wild boar),0,1,0
1872,2221,836,495,32,39,1.00,52,1.00,Sus scrofa (Wild boar),0,1,0
1872,2222,952,325,32,20,1.00,52,1.00,Sus scrofa (Wild boar),0,1,0
1872,2223,969,342,31,22,1.00,52,1.00,Sus scrofa (Wild boar),0,1,0
1872,2224,958,358,29,27,1.00,52,1.00,Sus scrofa (Wild boar),0,1,0
1872,2225,993,228,31,62,1.00,54,1.00,Sus scrofa (Wild boar),0,2,0
1872,2226,998,342,26,32,1.00,52,1.00,Sus scrofa (Wild boar),0,1,0
1872,2227,995,319,28,26,1.00,52,1.00,Sus scrofa (Wild boar),0,1,0
1882,2215,422,222,32,64,1.00,60,1.00,Sus scrofa x Sus domesticus (Hybrid Pig),0,0,0
1882,2216,430,272,48,51,1.00,54,1.00,Sus scrofa (Wild boar),0,2,0
1882,2217,687,285,70,43,1.00,54,1.00,Sus scrofa (Wild boar),0,2,0
1882,2218,462,264,36,59,1.00,50,1.00,Sus scrofa (Wild boar),0,0,0
1882,2219,526,304,35,35,1.00,52,1.00,Sus scrofa (Wild boar),0,1,0
1882,2220,921,293,27,49,1.00,52,1.00,Sus scrofa (Wild boar),0,1,0
1882,2221,838,459,32,39,1.00,52,1.00,Sus scrofa (Wild boar),0,1,0
1882,2222,950,287,32,20,1.00,52,1.00,Sus scrofa (Wild boar),0,1,0
1882,2223,966,307,31,22,1.00,52,1.00,Sus scrofa (Wild boar),0,1,0
1882,2224,955,323,29,27,1.00,52,1.00,Sus scrofa (Wild boar),0,1,0
1882,2225,996,189,28,62,1.00,54,1.00,Sus scrofa (Wild boar),0,2,0
1882,2226,995,307,28,32,1.00,52,1.00,Sus scrofa (Wild boar),0,1,0
1882,2227,992,284,28,26,1.00,52,1.00,Sus scrofa (Wild boar),0,1,0
1892,2215,430,176,32,64,1.00,60,1.00,Sus scrofa x Sus domesticus (Hybrid Pig),0,0,0
1892,2216,438,228,42,61,1.00,54,1.00,Sus scrofa (Wild boar),0,2,0
1892,2217,692,246,70,43,1.00,54,1.00,Sus scrofa (Wild boar),0,2,0
1892,2218,467,222,36,59,1.00,50,1.00,Sus scrofa (Wild boar),0,0,0
1892,2219,528,270,35,35,1.00,52,1.00,Sus scrofa (Wild boar),0,1,0
1892,2220,925,250,27,49,1.00,52,1.00,Sus scrofa (Wild boar),0,1,0
1892,2221,838,422,32,39,1.00,52,1.00,Sus scrofa (Wild boar),0,1,0
1892,2222,951,243,32,20,1.00,52,1.00,Sus scrofa (Wild boar),0,1,0
1892,2223,971,264,31,22,1.00,52,1.00,Sus scrofa (Wild boar),0,1,0
1892,2224,960,278,29,27,1.00,52,1.00,Sus scrofa (Wild boar),0,1,0
1892,2225,1000,145,24,68,1.00,54,1.00,Sus scrofa (Wild boar),0,2,0
1892,2226,1002,258,22,32,1.00,52,1.00,Sus scrofa (Wild boar),0,1,0
1892,2227,996,241,28,26,1.00,52,1.00,Sus scrofa (Wild boar),0,1,0
1902,2215,436,142,32,64,1.00,60,1.00,Sus scrofa x Sus domesticus (Hybrid Pig),0,0,0
1902,2216,441,190,42,61,1.00,54,1.00,Sus scrofa (Wild boar),0,2,0
1902,2217,698,212,70,43,1.00,54,1.00,Sus scrofa (Wild boar),0,2,0
1902,2218,473,188,36,59,1.00,50,1.00,Sus scrofa (Wild boar),0,0,0
1902,2219,536,236,35,35,1.00,52,1.00,Sus scrofa (Wild boar),0,1,0
1902,2220,931,216,27,49,1.00,52,1.00,Sus scrofa (Wild boar),0,1,0
1902,2221,843,388,32,39,1.00,52,1.00,Sus scrofa (Wild boar),0,1,0
1902,2222,957,209,32,20,1.00,52,1.00,Sus scrofa (Wild boar),0,1,0
1902,2223,973,231,31,22,1.00,52,1.00,Sus scrofa (Wild boar),0,1,0
1902,2224,962,243,29,27,1.00,52,1.00,Sus scrofa (Wild boar),0,1,0
1902,2225,1004,112,20,68,1.00,54,1.00,Sus scrofa (Wild boar),0,2,0
1902,2226,1005,228,19,32,1.00,52,1.00,Sus scrofa (Wild boar),0,1,0
1902,2227,1002,207,22,26,1.00,52,1.00,Sus scrofa (Wild boar),0,1,0
1912,2215,444,101,32,64,1.00,60,1.00,Sus scrofa x Sus domesticus (Hybrid Pig),0,0,0
1912,2216,449,151,42,61,1.00,54,1.00,Sus scrofa (Wild boar),0,2,0
1912,2217,716,172,52,51,1.00,54,1.00,Sus scrofa (Wild boar),0,2,0
1912,2218,481,147,36,59,1.00,50,1.00,Sus scrofa (Wild boar),0,0,0
1912,2219,544,195,35,35,1.00,52,1.00,Sus scrofa (Wild boar),0,1,0
1912,2220,935,179,27,49,1.00,52,1.00,Sus scrofa (Wild boar),0,1,0
1912,2221,846,348,32,39,1.00,52,1.00,Sus scrofa (Wild boar),0,1,0
1912,2222,964,173,32,26,1.00,52,1.00,Sus scrofa (Wild boar),0,1,0
1912,2223,980,193,31,22,1.00,52,1.00,Sus scrofa (Wild boar),0,1,0
1912,2224,968,203,29,27,1.00,52,1.00,Sus scrofa (Wild boar),0,1,0
1912,2225,1007,73,17,68,1.00,54,1.00,Sus scrofa (Wild boar),0,2,0
1912,2226,1012,186,12,32,1.00,52,1.00,Sus scrofa (Wild boar),0,1,0
1912,2227,1006,166,18,26,1.00,52,1.00,Sus scrofa (Wild boar),0,1,0
1922,2215,453,57,32,64,1.00,60,1.00,Sus scrofa x Sus domesticus (Hybrid Pig),0,0,0
1922,2216,461,124,42,61,1.00,54,1.00,Sus scrofa (Wild boar),0,2,0
1922,2217,722,139,52,51,1.00,54,1.00,Sus scrofa (Wild boar),0,2,0
1922,2218,491,115,36,59,1.00,50,1.00,Sus scrofa (Wild boar),0,0,0
1922,2219,558,166,35,35,1.00,52,1.00,Sus scrofa (Wild boar),0,1,0
1922,2220,944,145,27,39,1.00,52,1.00,Sus scrofa (Wild boar),0,1,0
1922,2221,858,311,32,39,1.00,52,1.00,Sus scrofa (Wild boar),0,1,0
1922,2222,970,135,32,32,1.00,52,1.00,Sus scrofa (Wild boar),0,1,0
1922,2223,981,156,37,26,1.00,52,1.00,Sus scrofa (Wild boar),0,1,0
1922,2224,981,177,29,27,1.00,52,1.00,Sus scrofa (Wild boar),0,1,0
1922,2225,1016,29,8,68,1.00,54,1.00,Sus scrofa (Wild boar),0,2,0
1922,2226,1018,145,6,32,1.00,52,1.00,Sus scrofa (Wild boar),0,1,0
1922,2227,1015,133,9,26,1.00,52,1.00,Sus scrofa (Wild boar),0,1,0
1932,2216,478,89,42,61,1.00,54,1.00,Sus scrofa (Wild boar),0,2,0
1932,2217,740,112,52,51,1.00,54,1.00,Sus scrofa (Wild boar),0,2,0
1932,2218,499,81,36,59,1.00,50,1.00,Sus scrofa (Wild boar),0,0,0
1932,2219,568,134,35,35,1.00,52,1.00,Sus scrofa (Wild boar),0,1,0
1932,2220,954,117,27,39,1.00,52,1.00,Sus scrofa (Wild boar),0,1,0
1932,2221,873,280,32,39,1.00,52,1.00,Sus scrofa (Wild boar),0,1,0
1932,2222,983,110,32,32,1.00,52,1.00,Sus scrofa (Wild boar),0,1,0
1932,2223,997,122,27,26,1.00,52,1.00,Sus scrofa (Wild boar),0,1,0
1932,2224,991,146,29,27,1.00,52,1.00,Sus scrofa (Wild boar),0,1,0
1942,2216,494,53,42,61,1.00,54,1.00,Sus scrofa (Wild boar),0,2,0
1942,2217,764,78,52,51,1.00,54,1.00,Sus scrofa (Wild boar),0,2,0
1942,2218,515,45,36,59,1.00,50,1.00,Sus scrofa (Wild boar),0,0,0
1942,2219,592,110,35,35,1.00,52,1.00,Sus scrofa (Wild boar),0,1,0
1942,2220,970,81,27,39,1.00,52,1.00,Sus scrofa (Wild boar),0,1,0
1942,2221,889,244,32,39,1.00,52,1.00,Sus scrofa (Wild boar),0,1,0
1942,2222,999,74,25,32,1.00,52,1.00,Sus scrofa (Wild boar),0,1,0
1942,2223,1013,86,11,26,1.00,52,1.00,Sus scrofa (Wild boar),0,1,0
1942,2224,1007,110,17,27,1.00,52,1.00,Sus scrofa (Wild boar),0,1,0
1952,2217,789,54,52,51,1.00,54,1.00,Sus scrofa (Wild boar),0,2,0
1952,2219,617,86,35,35,1.00,52,1.00,Sus scrofa (Wild boar),0,1,0
1952,2220,995,57,27,39,1.00,52,1.00,Sus scrofa (Wild boar),0,1,0
1952,2221,909,219,32,39,1.00,52,1.00,Sus scrofa (Wild boar),0,1,0
1962,2221,929,193,32,39,1.00,52,1.00,Sus scrofa (Wild boar),0,1,0
1982,2221,988,156,32,39,1.00,52,1.00,Sus scrofa (Wild boar),0,1,0
1992,2221,1019,138,5,39,1.00,52,1.00,Sus scrofa (Wild boar),0,1,0
