0,2551,224,699,73,57,1.00,24,1.00,Homo sapiens (Human),0,2,0
0,2554,294,150,49,70,1.00,60,1.00,Sus scrofa (Wild boar),2,2,0
30,2551,220,753,73,57,1.00,24,1.00,Homo sapiens (Human),0,2,0
30,2554,294,150,49,70,1.00,60,1.00,Sus scrofa (Wild boar),2,2,0
60,2551,217,834,73,57,1.00,24,1.00,Homo sapiens (Human),0,2,0
60,2554,316,174,49,70,1.00,60,1.00,Sus scrofa (Wild boar),2,2,0
70,2554,322,198,55,70,1.00,60,1.00,Sus scrofa (Wild boar),2,2,0
77,2551,225,888,73,57,1.00,24,1.00,Homo sapiens (Human),0,2,0
80,2554,322,221,65,64,1.00,60,1.00,Sus scrofa (Wild boar),2,2,0
100,2554,332,263,65,64,1.00,60,1.00,Sus scrofa (Wild boar),2,2,0
120,2554,336,271,65,64,1.00,60,1.00,Sus scrofa (Wild boar),2,2,0
140,2554,341,281,55,70,1.00,60,1.00,Sus scrofa (Wild boar),2,2,0
160,2554,341,284,55,70,1.00,60,1.00,Sus scrofa (Wild boar),2,2,0
180,2554,340,296,65,70,1.00,60,1.00,Sus scrofa (Wild boar),2,2,0
200,2554,336,311,65,70,1.00,60,1.00,Sus scrofa (Wild boar),2,2,0
220,2554,335,363,65,70,1.00,60,1.00,Sus scrofa (Wild boar),2,2,0
240,2554,330,457,65,70,1.00,60,1.00,Sus scrofa (Wild boar),2,2,0
250,2554,333,520,65,70,1.00,60,1.00,Sus scrofa (Wild boar),2,2,0
270,2554,331,647,65,70,1.00,60,1.00,Sus scrofa (Wild boar),2,2,0
290,2554,334,767,65,70,1.00,60,1.00,Sus scrofa (Wild boar),2,2,0
310,2554,333,889,65,70,1.00,60,1.00,Sus scrofa (Wild boar),2,2,0
831,2552,679,886,80,59,1.00,60,1.00,Sus scrofa (Wild boar),2,2,0
834,2552,682,873,80,59,1.00,60,1.00,Sus scrofa (Wild boar),2,2,0
864,2552,673,680,80,59,1.00,60,1.00,Sus scrofa (Wild boar),2,2,0
894,2552,672,499,80,59,1.00,60,1.00,Sus scrofa (Wild boar),2,2,0
897,2552,669,479,80,59,1.00,60,1.00,Sus scrofa (Wild boar),2,2,0
898,2552,668,472,80,59,1.00,60,1.00,Sus scrofa (Wild boar),2,2,0
899,2552,669,474,80,59,1.00,60,1.00,Sus scrofa (Wild boar),2,2,0
904,2552,666,468,80,59,1.00,60,1.00,Sus scrofa (Wild boar),2,2,0
909,2552,667,474,80,59,1.00,60,1.00,Sus scrofa (Wild boar),2,2,0
911,2552,660,301,80,59,1.00,60,1.00,Sus scrofa (Wild boar),2,2,0
914,2552,659,292,80,59,1.00,60,1.00,Sus scrofa (Wild boar),2,2,0
924,2552,660,228,80,59,1.00,60,1.00,Sus scrofa (Wild boar),2,2,0
934,2552,657,178,80,59,1.00,60,1.00,Sus scrofa (Wild boar),2,2,0
954,2552,658,108,80,59,1.00,60,1.00,Sus scrofa (Wild boar),2,2,0
971,2552,665,67,80,59,1.00,60,1.00,Sus scrofa (Wild boar),2,2,0
1137,2553,900,51,80,53,1.00,60,1.00,Sus scrofa (Wild boar),2,2,0
1147,2553,940,58,80,53,1.00,60,1.00,Sus scrofa (Wild boar),2,2,0
1177,2553,977,54,47,53,1.00,60,1.00,Sus scrofa (Wild boar),2,2,0
1207,2553,977,54,47,53,1.00,60,1.00,Sus scrofa (Wild boar),2,2,0
1232,2553,977,54,47,53,1.00,60,1.00,Sus scrofa (Wild boar),2,2,0
1262,2553,973,64,51,53,1.00,60,1.00,Sus scrofa (Wild boar),2,2,0
