10256,2587,23,104,68,54,1.00,14,0.50,Capreolus capreolus (Roe deer),0,0,0
10262,2587,23,126,68,54,1.00,14,0.50,Capreolus capreolus (Roe deer),0,0,0
10286,2587,23,214,68,54,1.00,14,0.50,Capreolus capreolus (Roe deer),0,0,0
10302,2587,25,256,68,54,1.00,14,0.50,Capreolus capreolus (Roe deer),0,0,0
10316,2587,26,293,68,54,1.00,14,0.50,Capreolus capreolus (Roe deer),0,0,0
10356,2587,19,337,68,54,1.00,14,0.50,Capreolus capreolus (Roe deer),0,0,0
10382,2587,15,346,68,54,1.00,14,0.50,Capreolus capreolus (Roe deer),0,0,0
10386,2587,14,347,68,54,1.00,14,0.50,Capreolus capreolus (Roe deer),0,0,0
10412,2587,15,346,68,54,1.00,14,0.50,Capreolus capreolus (Roe deer),0,0,0
10438,2587,15,346,68,54,1.00,14,0.50,Capreolus capreolus (Roe deer),0,0,0
10442,2587,15,346,68,54,1.00,14,0.50,Capreolus capreolus (Roe deer),0,0,0
10472,2587,32,341,68,54,1.00,14,0.50,Capreolus capreolus (Roe deer),0,0,0
10484,2589,0,397,56,44,1.00,14,0.50,Capreolus capreolus (Roe deer),0,0,0
10493,2587,87,291,68,54,1.00,14,0.50,Capreolus capreolus (Roe deer),0,0,0
10493,2589,24,377,57,44,1.00,14,0.50,Capreolus capreolus (Roe deer),0,0,0
10494,2588,0,385,40,48,1.00,14,0.50,Capreolus capreolus (Roe deer),0,0,0
10494,2589,27,375,57,44,1.00,14,0.50,Capreolus capreolus (Roe deer),0,0,0
10502,2587,110,269,68,54,1.00,14,0.50,Capreolus capreolus (Roe deer),0,0,0
10513,2588,32,325,60,48,1.00,14,0.50,Capreolus capreolus (Roe deer),0,0,0
10524,2589,115,284,57,44,1.00,14,0.50,Capreolus capreolus (Roe deer),0,0,0
10532,2587,200,186,68,54,1.00,14,0.50,Capreolus capreolus (Roe deer),0,0,0
10543,2588,105,251,60,48,1.00,14,0.50,Capreolus capreolus (Roe deer),0,0,0
10554,2589,181,224,57,44,1.00,14,0.50,Capreolus capreolus (Roe deer),0,0,0
10562,2587,257,134,68,54,1.00,14,0.50,Capreolus capreolus (Roe deer),0,0,0
10573,2588,154,214,60,48,1.00,14,0.50,Capreolus capreolus (Roe deer),0,0,0
10584,2589,226,189,57,44,1.00,14,0.50,Capreolus capreolus (Roe deer),0,0,0
10592,2587,281,95,68,54,1.00,14,0.50,Capreolus capreolus (Roe deer),0,0,0
10603,2588,173,193,60,48,1.00,14,0.50,Capreolus capreolus (Roe deer),0,0,0
10614,2589,237,181,57,44,1.00,14,0.50,Capreolus capreolus (Roe deer),0,0,0
10622,2587,271,88,68,54,1.00,14,0.50,Capreolus capreolus (Roe deer),0,0,0
10633,2588,177,185,60,48,1.00,14,0.50,Capreolus capreolus (Roe deer),0,0,0
10644,2589,238,169,57,44,1.00,14,0.50,Capreolus capreolus (Roe deer),0,0,0
10652,2587,261,78,68,54,1.00,14,0.50,Capreolus capreolus (Roe deer),0,0,0
10663,2588,177,185,60,48,1.00,14,0.50,Capreolus capreolus (Roe deer),0,0,0
10674,2589,238,169,57,44,1.00,14,0.50,Capreolus capreolus (Roe deer),0,0,0
10682,2587,235,71,68,54,1.00,14,0.50,Capreolus capreolus (Roe deer),0,0,0
10693,2587,235,71,68,54,1.00,14,0.50,Capreolus capreolus (Roe deer),0,0,0
10693,2588,181,185,60,48,1.00,14,0.50,Capreolus capreolus (Roe deer),0,0,0
10704,2589,239,145,57,44,1.00,14,0.50,Capreolus capreolus (Roe deer),0,0,0
10710,2588,183,154,60,48,1.00,14,0.50,Capreolus capreolus (Roe deer),0,0,0
10710,2589,238,124,57,44,1.00,14,0.50,Capreolus capreolus (Roe deer),0,0,0
10720,2589,228,83,57,44,1.00,14,0.50,Capreolus capreolus (Roe deer),0,0,0
10723,2588,184,130,60,48,1.00,14,0.50,Capreolus capreolus (Roe deer),0,0,0
10724,2589,229,81,57,44,1.00,14,0.50,Capreolus capreolus (Roe deer),0,0,0
10730,2588,180,85,60,48,1.00,14,0.50,Capreolus capreolus (Roe deer),0,0,0
10734,2588,185,71,60,48,1.00,14,0.50,Capreolus capreolus (Roe deer),0,0,0
10735,2588,185,66,60,48,1.00,14,0.50,Capreolus capreolus (Roe deer),0,0,0
14686,2591,0,39,32,77,1.00,61,0.50,Sus scrofa (Wild boar),2,2,0
14687,2591,0,41,33,77,1.00,61,0.50,Sus scrofa (Wild boar),2,2,0
14690,2590,29,53,43,60,1.00,61,0.50,Sus scrofa (Wild boar),2,2,0
14691,2590,30,54,43,60,1.00,61,0.50,Sus scrofa (Wild boar),2,2,0
14703,2590,44,69,43,60,1.00,61,0.50,Sus scrofa (Wild boar),2,2,0
14703,2591,15,67,39,77,1.00,61,0.50,Sus scrofa (Wild boar),2,2,0
14713,2590,55,81,43,60,1.00,61,0.50,Sus scrofa (Wild boar),2,2,0
14733,2591,37,75,39,77,1.00,61,0.50,Sus scrofa (Wild boar),2,2,0
14743,2590,72,84,43,60,1.00,61,0.50,Sus scrofa (Wild boar),2,2,0
14763,2591,39,92,39,77,1.00,61,0.50,Sus scrofa (Wild boar),2,2,0
14773,2590,66,99,43,60,1.00,61,0.50,Sus scrofa (Wild boar),2,2,0
14777,2590,67,100,43,60,1.00,61,0.50,Sus scrofa (Wild boar),2,2,0
14777,2591,40,99,39,77,1.00,61,0.50,Sus scrofa (Wild boar),2,2,0
14793,2591,42,106,39,77,1.00,61,0.50,Sus scrofa (Wild boar),2,2,0
14803,2590,74,106,43,60,1.00,61,0.50,Sus scrofa (Wild boar),2,2,0
14823,2591,42,106,39,77,1.00,61,0.50,Sus scrofa (Wild boar),2,2,0
14833,2590,74,106,43,60,1.00,61,0.50,Sus scrofa (Wild boar),2,2,0
14853,2590,74,115,43,60,1.00,61,0.50,Sus scrofa (Wild boar),2,2,0
14853,2591,42,106,39,77,1.00,61,0.50,Sus scrofa (Wild boar),2,2,0
14863,2590,74,120,43,60,1.00,61,0.50,Sus scrofa (Wild boar),2,2,0
14883,2591,45,152,39,77,1.00,61,0.50,Sus scrofa (Wild boar),2,2,0
14893,2590,79,185,43,60,1.00,61,0.50,Sus scrofa (Wild boar),2,2,0
14913,2591,51,265,39,77,1.00,61,0.50,Sus scrofa (Wild boar),2,2,0
14923,2590,91,323,43,60,1.00,61,0.50,Sus scrofa (Wild boar),2,2,0
14943,2591,60,392,39,77,1.00,61,0.50,Sus scrofa (Wild boar),2,2,0
14953,2590,98,435,43,60,1.00,61,0.50,Sus scrofa (Wild boar),2,2,0
14973,2591,71,508,39,77,1.00,61,0.50,Sus scrofa (Wild boar),2,2,0
14983,2590,106,551,43,60,1.00,61,0.50,Sus scrofa (Wild boar),2,2,0
15003,2591,77,609,39,77,1.00,61,0.50,Sus scrofa (Wild boar),2,2,0
15013,2590,114,653,43,60,1.00,61,0.50,Sus scrofa (Wild boar),2,2,0
15033,2591,88,715,39,77,1.00,61,0.50,Sus scrofa (Wild boar),2,2,0
15043,2590,122,761,43,60,1.00,61,0.50,Sus scrofa (Wild boar),2,2,0
15063,2590,127,827,43,60,1.00,61,0.50,Sus scrofa (Wild boar),2,2,0
15063,2591,98,824,39,77,1.00,61,0.50,Sus scrofa (Wild boar),2,2,0
15073,2590,130,860,43,60,1.00,61,0.50,Sus scrofa (Wild boar),2,2,0
15083,2591,98,885,39,77,1.00,61,0.50,Sus scrofa (Wild boar),2,2,0
15087,2590,129,889,43,60,1.00,61,0.50,Sus scrofa (Wild boar),2,2,0
15088,2590,129,891,43,60,1.00,61,0.50,Sus scrofa (Wild boar),2,2,0
16053,2592,217,900,72,33,1.00,61,0.50,Sus scrofa (Wild boar),2,2,0
16054,2592,217,896,72,33,1.00,61,0.50,Sus scrofa (Wild boar),2,2,0
16058,2592,216,880,72,33,1.00,61,0.50,Sus scrofa (Wild boar),2,2,0
16058,2593,216,895,69,38,1.00,61,0.50,Sus scrofa (Wild boar),2,2,0
16078,2592,210,801,72,33,1.00,61,0.50,Sus scrofa (Wild boar),2,2,0
16088,2593,203,791,69,38,1.00,61,0.50,Sus scrofa (Wild boar),2,2,0
16091,2596,242,891,77,45,1.00,61,0.50,Sus scrofa (Wild boar),2,2,0
16102,2592,207,711,72,33,1.00,61,0.50,Sus scrofa (Wild boar),2,2,0
16102,2593,204,734,69,38,1.00,61,0.50,Sus scrofa (Wild boar),2,2,0
16105,2594,440,883,29,59,1.00,61,0.50,Sus scrofa (Wild boar),2,2,0
16106,2595,414,876,29,69,1.00,61,0.50,Sus scrofa (Wild boar),2,2,0
16106,2596,240,840,77,45,1.00,61,0.50,Sus scrofa (Wild boar),2,2,0
16108,2592,206,689,72,33,1.00,61,0.50,Sus scrofa (Wild boar),2,2,0
16118,2593,206,669,69,38,1.00,61,0.50,Sus scrofa (Wild boar),2,2,0
16136,2592,201,568,72,33,1.00,61,0.50,Sus scrofa (Wild boar),2,2,0
16136,2593,201,588,69,38,1.00,61,0.50,Sus scrofa (Wild boar),2,2,0
16136,2594,434,772,29,59,1.00,61,0.50,Sus scrofa (Wild boar),2,2,0
16136,2595,406,768,29,69,1.00,61,0.50,Sus scrofa (Wild boar),2,2,0
16136,2596,239,721,77,45,1.00,61,0.50,Sus scrofa (Wild boar),2,2,0
16138,2592,201,559,72,33,1.00,61,0.50,Sus scrofa (Wild boar),2,2,0
16142,2596,234,685,77,45,1.00,61,0.50,Sus scrofa (Wild boar),2,2,0
16148,2593,198,534,69,38,1.00,61,0.50,Sus scrofa (Wild boar),2,2,0
16152,2592,200,501,72,33,1.00,61,0.50,Sus scrofa (Wild boar),2,2,0
16152,2593,197,521,69,38,1.00,61,0.50,Sus scrofa (Wild boar),2,2,0
16152,2594,433,704,29,59,1.00,61,0.50,Sus scrofa (Wild boar),2,2,0
16152,2595,405,700,29,69,1.00,61,0.50,Sus scrofa (Wild boar),2,2,0
16152,2596,231,645,77,45,1.00,61,0.50,Sus scrofa (Wild boar),2,2,0
16166,2594,432,644,29,59,1.00,61,0.50,Sus scrofa (Wild boar),2,2,0
16166,2595,405,640,29,69,1.00,61,0.50,Sus scrofa (Wild boar),2,2,0
16166,2596,230,595,77,45,1.00,61,0.50,Sus scrofa (Wild boar),2,2,0
16168,2592,198,435,72,33,1.00,61,0.50,Sus scrofa (Wild boar),2,2,0
16173,2592,198,424,72,33,1.00,61,0.50,Sus scrofa (Wild boar),2,2,0
16173,2593,192,454,69,38,1.00,61,0.50,Sus scrofa (Wild boar),2,2,0
16173,2594,432,628,29,59,1.00,61,0.50,Sus scrofa (Wild boar),2,2,0
16173,2595,404,626,29,69,1.00,61,0.50,Sus scrofa (Wild boar),2,2,0
16173,2596,230,579,77,45,1.00,61,0.50,Sus scrofa (Wild boar),2,2,0
16178,2593,191,438,69,38,1.00,61,0.50,Sus scrofa (Wild boar),2,2,0
16196,2594,431,577,29,59,1.00,61,0.50,Sus scrofa (Wild boar),2,2,0
16196,2595,402,580,29,69,1.00,61,0.50,Sus scrofa (Wild boar),2,2,0
16196,2596,228,528,77,45,1.00,61,0.50,Sus scrofa (Wild boar),2,2,0
16198,2592,200,367,72,33,1.00,61,0.50,Sus scrofa (Wild boar),2,2,0
16208,2593,191,382,69,38,1.00,61,0.50,Sus scrofa (Wild boar),2,2,0
16226,2594,429,551,29,59,1.00,61,0.50,Sus scrofa (Wild boar),2,2,0
16226,2595,402,553,29,69,1.00,61,0.50,Sus scrofa (Wild boar),2,2,0
16226,2596,225,500,77,45,1.00,61,0.50,Sus scrofa (Wild boar),2,2,0
16228,2592,190,342,72,33,1.00,61,0.50,Sus scrofa (Wild boar),2,2,0
16238,2593,191,365,69,38,1.00,61,0.50,Sus scrofa (Wild boar),2,2,0
16241,2592,190,339,72,33,1.00,61,0.50,Sus scrofa (Wild boar),2,2,0
16241,2593,191,365,69,38,1.00,61,0.50,Sus scrofa (Wild boar),2,2,0
16241,2594,428,545,29,59,1.00,61,0.50,Sus scrofa (Wild boar),2,2,0
16241,2595,402,548,29,69,1.00,61,0.50,Sus scrofa (Wild boar),2,2,0
16241,2596,223,495,77,45,1.00,61,0.50,Sus scrofa (Wild boar),2,2,0
16256,2594,427,539,29,59,1.00,61,0.50,Sus scrofa (Wild boar),2,2,0
16256,2595,401,543,29,69,1.00,61,0.50,Sus scrofa (Wild boar),2,2,0
16256,2596,220,490,77,45,1.00,61,0.50,Sus scrofa (Wild boar),2,2,0
16258,2592,190,335,72,33,1.00,61,0.50,Sus scrofa (Wild boar),2,2,0
16268,2593,191,365,69,38,1.00,61,0.50,Sus scrofa (Wild boar),2,2,0
16286,2594,427,539,29,59,1.00,61,0.50,Sus scrofa (Wild boar),2,2,0
16286,2595,401,543,29,69,1.00,61,0.50,Sus scrofa (Wild boar),2,2,0
16286,2596,220,490,77,45,1.00,61,0.50,Sus scrofa (Wild boar),2,2,0
16288,2592,191,333,72,33,1.00,61,0.50,Sus scrofa (Wild boar),2,2,0
16298,2593,191,365,69,38,1.00,61,0.50,Sus scrofa (Wild boar),2,2,0
16316,2594,427,539,29,59,1.00,61,0.50,Sus scrofa (Wild boar),2,2,0
16316,2595,402,534,29,69,1.00,61,0.50,Sus scrofa (Wild boar),2,2,0
16316,2596,220,490,77,45,1.00,61,0.50,Sus scrofa (Wild boar),2,2,0
16318,2592,191,333,72,33,1.00,61,0.50,Sus scrofa (Wild boar),2,2,0
16328,2593,191,365,69,38,1.00,61,0.50,Sus scrofa (Wild boar),2,2,0
16328,2596,228,496,77,45,1.00,61,0.50,Sus scrofa (Wild boar),2,2,0
16338,2596,245,508,77,45,1.00,61,0.50,Sus scrofa (Wild boar),2,2,0
16346,2594,461,573,29,59,1.00,61,0.50,Sus scrofa (Wild boar),2,2,0
16346,2595,434,571,29,69,1.00,61,0.50,Sus scrofa (Wild boar),2,2,0
16346,2596,259,523,77,45,1.00,61,0.50,Sus scrofa (Wild boar),2,2,0
16348,2592,231,371,72,33,1.00,61,0.50,Sus scrofa (Wild boar),2,2,0
16348,2593,232,401,69,38,1.00,61,0.50,Sus scrofa (Wild boar),2,2,0
16358,2593,250,432,69,38,1.00,61,0.50,Sus scrofa (Wild boar),2,2,0
16358,2596,288,564,77,45,1.00,61,0.50,Sus scrofa (Wild boar),2,2,0
16368,2592,301,456,72,33,1.00,61,0.50,Sus scrofa (Wild boar),2,2,0
16368,2593,286,476,69,38,1.00,61,0.50,Sus scrofa (Wild boar),2,2,0
16368,2594,531,651,29,59,1.00,61,0.50,Sus scrofa (Wild boar),2,2,0
16368,2595,505,650,29,69,1.00,61,0.50,Sus scrofa (Wild boar),2,2,0
16368,2596,324,598,77,45,1.00,61,0.50,Sus scrofa (Wild boar),2,2,0
16376,2594,560,692,29,59,1.00,61,0.50,Sus scrofa (Wild boar),2,2,0
16376,2595,534,689,29,69,1.00,61,0.50,Sus scrofa (Wild boar),2,2,0
16376,2596,361,646,77,45,1.00,61,0.50,Sus scrofa (Wild boar),2,2,0
16378,2592,336,498,72,33,1.00,61,0.50,Sus scrofa (Wild boar),2,2,0
16388,2593,358,564,69,38,1.00,61,0.50,Sus scrofa (Wild boar),2,2,0
16406,2594,655,802,29,59,1.00,61,0.50,Sus scrofa (Wild boar),2,2,0
16406,2595,629,805,29,69,1.00,61,0.50,Sus scrofa (Wild boar),2,2,0
16406,2596,455,758,77,45,1.00,61,0.50,Sus scrofa (Wild boar),2,2,0
16408,2592,433,610,72,33,1.00,61,0.50,Sus scrofa (Wild boar),2,2,0
16413,2594,680,833,29,59,1.00,61,0.50,Sus scrofa (Wild boar),2,2,0
16413,2595,655,822,29,69,1.00,61,0.50,Sus scrofa (Wild boar),2,2,0
16418,2593,454,666,69,38,1.00,61,0.50,Sus scrofa (Wild boar),2,2,0
16436,2594,726,884,29,59,1.00,61,0.50,Sus scrofa (Wild boar),2,2,0
16436,2596,520,844,77,45,1.00,61,0.50,Sus scrofa (Wild boar),2,2,0
16438,2592,493,689,72,33,1.00,61,0.50,Sus scrofa (Wild boar),2,2,0
16440,2595,704,883,29,69,1.00,61,0.50,Sus scrofa (Wild boar),2,2,0
16443,2594,736,884,29,59,1.00,61,0.50,Sus scrofa (Wild boar),2,2,0
16448,2593,506,735,69,38,1.00,61,0.50,Sus scrofa (Wild boar),2,2,0
16466,2596,555,876,77,45,1.00,61,0.50,Sus scrofa (Wild boar),2,2,0
16468,2592,530,734,72,33,1.00,61,0.50,Sus scrofa (Wild boar),2,2,0
16478,2593,528,763,69,38,1.00,61,0.50,Sus scrofa (Wild boar),2,2,0
16496,2596,565,881,77,45,1.00,61,0.50,Sus scrofa (Wild boar),2,2,0
16498,2592,537,740,72,33,1.00,61,0.50,Sus scrofa (Wild boar),2,2,0
16508,2593,533,769,69,38,1.00,61,0.50,Sus scrofa (Wild boar),2,2,0
16516,2596,567,885,77,45,1.00,61,0.50,Sus scrofa (Wild boar),2,2,0
16528,2592,541,744,72,33,1.00,61,0.50,Sus scrofa (Wild boar),2,2,0
16538,2593,533,769,69,38,1.00,61,0.50,Sus scrofa (Wild boar),2,2,0
16558,2592,543,749,72,33,1.00,61,0.50,Sus scrofa (Wild boar),2,2,0
16568,2593,538,785,69,38,1.00,61,0.50,Sus scrofa (Wild boar),2,2,0
16588,2592,544,787,72,33,1.00,61,0.50,Sus scrofa (Wild boar),2,2,0
16598,2592,548,821,72,33,1.00,61,0.50,Sus scrofa (Wild boar),2,2,0
16598,2593,547,847,69,38,1.00,61,0.50,Sus scrofa (Wild boar),2,2,0
16614,2593,545,906,69,38,1.00,61,0.50,Sus scrofa (Wild boar),2,2,0
16618,2592,555,889,72,33,1.00,61,0.50,Sus scrofa (Wild boar),2,2,0
16619,2592,555,892,72,33,1.00,61,0.50,Sus scrofa (Wild boar),2,2,0
