4029,3125,15,402,47,36,1.00,62,0.50,Sus scrofa (Wild boar),0,2,0
4030,3125,17,404,47,36,1.00,62,0.50,Sus scrofa (Wild boar),0,2,0
4072,3125,114,475,47,36,1.00,62,0.50,Sus scrofa (Wild boar),0,2,0
4072,3126,198,490,48,45,1.00,62,0.50,Sus scrofa (Wild boar),0,2,0
4102,3125,172,513,47,36,1.00,62,0.50,Sus scrofa (Wild boar),0,2,0
4102,3126,256,528,48,45,1.00,62,0.50,Sus scrofa (Wild boar),0,2,0
4142,3125,248,568,47,36,1.00,62,0.50,Sus scrofa (Wild boar),0,2,0
4142,3126,332,583,48,45,1.00,62,0.50,Sus scrofa (Wild boar),0,2,0
4182,3125,330,625,47,36,1.00,62,0.50,Sus scrofa (Wild boar),0,2,0
4182,3126,408,628,48,45,1.00,62,0.50,Sus scrofa (Wild boar),0,2,0
4202,3125,372,651,47,36,1.00,62,0.50,Sus scrofa (Wild boar),0,2,0
4202,3126,450,654,48,45,1.00,62,0.50,Sus scrofa (Wild boar),0,2,0
4203,3126,454,656,48,45,1.00,62,0.50,Sus scrofa (Wild boar),0,2,0
4223,3126,490,675,48,45,1.00,62,0.50,Sus scrofa (Wild boar),0,2,0
4243,3126,525,691,48,45,1.00,62,0.50,Sus scrofa (Wild boar),0,2,0
4273,3126,583,722,48,45,1.00,62,0.50,Sus scrofa (Wild boar),0,2,0
4283,3126,601,735,48,45,1.00,62,0.50,Sus scrofa (Wild boar),0,2,0
4292,3126,615,742,48,45,1.00,62,0.50,Sus scrofa (Wild boar),0,2,0
4355,3126,743,807,48,45,1.00,62,0.50,Sus scrofa (Wild boar),0,2,0
4365,3126,760,819,48,45,1.00,62,0.50,Sus scrofa (Wild boar),0,2,0
4368,3127,692,803,48,47,1.00,62,0.50,Sus scrofa (Wild boar),0,2,0
4378,3127,715,807,48,47,1.00,62,0.50,Sus scrofa (Wild boar),0,2,0
4379,3126,789,844,48,45,1.00,62,0.50,Sus scrofa (Wild boar),0,2,0
4385,3126,803,853,48,45,1.00,62,0.50,Sus scrofa (Wild boar),0,2,0
4385,3127,735,814,48,47,1.00,62,0.50,Sus scrofa (Wild boar),0,2,0
4386,3126,805,854,48,45,1.00,62,0.50,Sus scrofa (Wild boar),0,2,0
4386,3127,736,820,48,47,1.00,62,0.50,Sus scrofa (Wild boar),0,2,0
4406,3126,846,879,48,45,1.00,62,0.50,Sus scrofa (Wild boar),0,2,0
4406,3127,784,838,48,47,1.00,62,0.50,Sus scrofa (Wild boar),0,2,0
4416,3126,866,893,48,45,1.00,62,0.50,Sus scrofa (Wild boar),0,2,0
4416,3127,804,852,48,47,1.00,62,0.50,Sus scrofa (Wild boar),0,2,0
4430,3126,894,911,48,45,1.00,62,0.50,Sus scrofa (Wild boar),0,2,0
4430,3127,832,870,48,47,1.00,62,0.50,Sus scrofa (Wild boar),0,2,0
4538,3128,970,650,36,28,1.00,28,0.50,Homo sapiens (Human),0,2,0
4538,3129,975,632,48,42,1.00,28,0.50,Homo sapiens (Human),0,2,0
4547,3130,802,903,38,59,1.00,62,0.50,Sus scrofa (Wild boar),0,2,0
4548,3128,941,648,36,28,1.00,28,0.50,Homo sapiens (Human),0,2,0
4548,3129,946,630,48,42,1.00,28,0.50,Homo sapiens (Human),0,2,0
4554,3128,924,647,36,28,1.00,28,0.50,Homo sapiens (Human),0,2,0
4554,3129,929,629,48,42,1.00,28,0.50,Homo sapiens (Human),0,2,0
4578,3130,704,898,38,59,1.00,62,0.50,Sus scrofa (Wild boar),0,2,0
4608,3130,612,882,38,59,1.00,62,0.50,Sus scrofa (Wild boar),0,2,0
4612,3130,595,878,38,59,1.00,62,0.50,Sus scrofa (Wild boar),0,2,0
4614,3128,718,640,36,28,1.00,28,0.50,Homo sapiens (Human),0,2,0
4614,3129,741,634,48,42,1.00,28,0.50,Homo sapiens (Human),0,2,0
4615,3128,715,640,36,28,1.00,28,0.50,Homo sapiens (Human),0,2,0
4615,3129,736,632,48,42,1.00,28,0.50,Homo sapiens (Human),0,2,0
4618,3129,720,625,48,42,1.00,28,0.50,Homo sapiens (Human),0,2,0
4619,3130,575,877,38,59,1.00,62,0.50,Sus scrofa (Wild boar),0,2,0
4622,3128,691,640,36,28,1.00,28,0.50,Homo sapiens (Human),0,2,0
4622,3129,707,626,48,42,1.00,28,0.50,Homo sapiens (Human),0,2,0
4628,3128,671,640,36,28,1.00,28,0.50,Homo sapiens (Human),0,2,0
4628,3129,688,627,48,42,1.00,28,0.50,Homo sapiens (Human),0,2,0
4632,3128,658,640,36,28,1.00,28,0.50,Homo sapiens (Human),0,2,0
4632,3129,675,627,48,42,1.00,28,0.50,Homo sapiens (Human),0,2,0
4641,3128,628,640,36,28,1.00,28,0.50,Homo sapiens (Human),0,2,0
4641,3129,646,628,48,42,1.00,28,0.50,Homo sapiens (Human),0,2,0
4642,3128,625,640,36,28,1.00,27,1.00,Homo sapiens (Human),0,2,0
4642,3129,643,628,48,42,1.00,27,1.00,Homo sapiens (Human),0,2,0
4647,3128,608,640,36,28,1.00,27,1.00,Homo sapiens (Human),0,2,0
4647,3129,627,629,48,42,1.00,27,1.00,Homo sapiens (Human),0,2,0
4652,3130,481,867,38,59,1.00,62,0.50,Sus scrofa (Wild boar),0,2,0
4659,3130,443,858,38,59,1.00,62,0.50,Sus scrofa (Wild boar),0,2,0
4670,3128,531,639,36,28,1.00,27,1.00,Homo sapiens (Human),0,2,0
4670,3129,554,632,48,42,1.00,27,1.00,Homo sapiens (Human),0,2,0
4674,3128,518,639,36,28,1.00,28,0.50,Homo sapiens (Human),0,2,0
4674,3129,541,633,48,42,1.00,28,0.50,Homo sapiens (Human),0,2,0
4680,3128,497,638,36,28,1.00,28,0.50,Homo sapiens (Human),0,2,0
4680,3129,519,631,48,42,1.00,28,0.50,Homo sapiens (Human),0,2,0
4698,3129,451,624,48,42,1.00,28,0.50,Homo sapiens (Human),0,2,0
4738,3128,299,629,36,28,1.00,28,0.50,Homo sapiens (Human),0,2,0
4738,3129,321,622,48,42,1.00,28,0.50,Homo sapiens (Human),0,2,0
4744,3128,278,628,36,28,1.00,28,0.50,Homo sapiens (Human),0,2,0
4744,3129,301,622,48,42,1.00,28,0.50,Homo sapiens (Human),0,2,0
4774,3128,203,609,36,28,1.00,28,0.50,Homo sapiens (Human),0,2,0
4774,3129,226,603,48,42,1.00,28,0.50,Homo sapiens (Human),0,2,0
4784,3128,186,599,36,28,1.00,28,0.50,Homo sapiens (Human),0,2,0
4784,3129,209,593,48,42,1.00,28,0.50,Homo sapiens (Human),0,2,0
4794,3128,154,583,36,28,1.00,28,0.50,Homo sapiens (Human),0,2,0
4794,3129,177,577,48,42,1.00,28,0.50,Homo sapiens (Human),0,2,0
5018,3131,904,707,39,47,1.00,62,0.50,Sus scrofa (Wild boar),0,2,0
5018,3132,962,690,56,36,1.00,62,0.50,Sus scrofa (Wild boar),0,2,0
5028,3131,882,691,39,47,1.00,62,0.50,Sus scrofa (Wild boar),0,2,0
5028,3132,942,677,56,36,1.00,62,0.50,Sus scrofa (Wild boar),0,2,0
5058,3131,816,641,39,47,1.00,62,0.50,Sus scrofa (Wild boar),0,2,0
5058,3132,881,636,56,36,1.00,62,0.50,Sus scrofa (Wild boar),0,2,0
5088,3131,759,601,39,47,1.00,62,0.50,Sus scrofa (Wild boar),0,2,0
5088,3132,824,596,56,36,1.00,62,0.50,Sus scrofa (Wild boar),0,2,0
5106,3131,725,580,39,47,1.00,62,0.50,Sus scrofa (Wild boar),0,2,0
5106,3132,787,572,56,36,1.00,62,0.50,Sus scrofa (Wild boar),0,2,0
5118,3131,702,566,39,47,1.00,62,0.50,Sus scrofa (Wild boar),0,2,0
5118,3132,763,556,56,36,1.00,62,0.50,Sus scrofa (Wild boar),0,2,0
5178,3131,587,488,39,47,1.00,62,0.50,Sus scrofa (Wild boar),0,2,0
5178,3132,648,478,56,36,1.00,62,0.50,Sus scrofa (Wild boar),0,2,0
5198,3131,550,470,39,47,1.00,62,0.50,Sus scrofa (Wild boar),0,2,0
5198,3132,612,451,56,36,1.00,62,0.50,Sus scrofa (Wild boar),0,2,0
5228,3131,494,437,39,47,1.00,62,0.50,Sus scrofa (Wild boar),0,2,0
5228,3132,552,411,56,36,1.00,62,0.50,Sus scrofa (Wild boar),0,2,0
5248,3131,452,408,39,47,1.00,62,0.50,Sus scrofa (Wild boar),0,2,0
5248,3132,510,382,56,36,1.00,62,0.50,Sus scrofa (Wild boar),0,2,0
5268,3131,416,385,39,47,1.00,62,0.50,Sus scrofa (Wild boar),0,2,0
5268,3132,481,360,56,36,1.00,62,0.50,Sus scrofa (Wild boar),0,2,0
5278,3132,453,343,56,36,1.00,62,0.50,Sus scrofa (Wild boar),0,2,0
5328,3132,367,278,56,36,1.00,62,0.50,Sus scrofa (Wild boar),0,2,0
5388,3132,248,206,56,36,1.00,62,0.50,Sus scrofa (Wild boar),0,2,0
5438,3132,165,147,56,36,1.00,62,0.50,Sus scrofa (Wild boar),0,2,0
5478,3132,91,99,56,36,1.00,62,0.50,Sus scrofa (Wild boar),0,2,0
5516,3132,24,57,56,36,1.00,62,0.50,Sus scrofa (Wild boar),0,2,0
