2135,780,46,288,34,21,1.00,17,1.00,Homo sapiens (Human),0,0,0
2135,781,34,296,37,22,1.00,17,1.00,Homo sapiens (Human),0,0,0
2155,780,85,328,34,21,1.00,17,1.00,Homo sapiens (Human),0,0,0
2155,781,73,336,37,22,1.00,17,1.00,Homo sapiens (Human),0,0,0
2175,780,121,370,34,21,1.00,17,1.00,Homo sapiens (Human),0,0,0
2175,781,109,377,37,22,1.00,17,1.00,Homo sapiens (Human),0,0,0
2195,780,154,406,34,21,1.00,17,1.00,Homo sapiens (Human),0,0,0
2195,781,143,410,37,22,1.00,17,1.00,Homo sapiens (Human),0,0,0
2235,780,200,475,34,21,1.00,17,1.00,Homo sapiens (Human),0,0,0
2235,781,189,479,37,22,1.00,17,1.00,Homo sapiens (Human),0,0,0
2265,780,224,535,34,21,1.00,17,1.00,Homo sapiens (Human),0,0,0
2265,781,213,539,37,22,1.00,17,1.00,Homo sapiens (Human),0,0,0
2295,780,232,588,34,21,1.00,17,1.00,Homo sapiens (Human),0,0,0
2295,781,221,592,37,22,1.00,17,1.00,Homo sapiens (Human),0,0,0
2325,780,236,639,34,21,1.00,17,1.00,Homo sapiens (Human),0,0,0
2325,781,225,643,37,22,1.00,17,1.00,Homo sapiens (Human),0,0,0
2365,780,217,702,34,21,1.00,17,1.00,Homo sapiens (Human),0,0,0
2365,781,206,706,37,22,1.00,17,1.00,Homo sapiens (Human),0,0,0
2395,780,180,742,34,21,1.00,17,1.00,Homo sapiens (Human),0,0,0
2395,781,169,746,37,22,1.00,17,1.00,Homo sapiens (Human),0,0,0
2425,780,132,777,34,21,1.00,17,1.00,Homo sapiens (Human),0,0,0
2425,781,121,781,37,22,1.00,17,1.00,Homo sapiens (Human),0,0,0
2461,780,61,805,34,21,1.00,17,1.00,Homo sapiens (Human),0,0,0
2461,781,41,815,37,22,1.00,17,1.00,Homo sapiens (Human),0,0,0
2485,780,3,815,34,21,1.00,17,1.00,Homo sapiens (Human),0,0,0
2485,781,0,819,29,22,1.00,17,1.00,Homo sapiens (Human),0,0,0
2540,782,942,897,28,21,1.00,2,0.50,Cervus elaphus (Red deer),0,0,0
2590,782,931,873,28,21,1.00,1,1.00,Cervus elaphus (Red deer),0,0,0
2650,782,932,825,28,21,1.00,1,1.00,Cervus elaphus (Red deer),0,0,0
2669,765,928,832,39,29,1.00,2,0.50,Cervus elaphus (Red deer),0,0,0
2680,782,938,798,28,21,1.00,1,1.00,Cervus elaphus (Red deer),0,0,0
2710,782,941,771,28,21,1.00,1,1.00,Cervus elaphus (Red deer),0,0,0
2730,782,941,750,28,21,1.00,1,1.00,Cervus elaphus (Red deer),0,0,0
2760,782,939,720,28,21,1.00,1,1.00,Cervus elaphus (Red deer),0,0,0
2790,782,926,673,28,21,1.00,1,1.00,Cervus elaphus (Red deer),0,0,0
2820,782,914,637,28,21,1.00,1,1.00,Cervus elaphus (Red deer),0,0,0
2850,782,902,598,28,21,1.00,1,1.00,Cervus elaphus (Red deer),0,0,0
2859,765,905,639,39,29,1.00,2,0.50,Cervus elaphus (Red deer),0,0,0
2860,782,902,589,28,21,1.00,1,1.00,Cervus elaphus (Red deer),0,0,0
2879,765,892,611,39,29,1.00,2,0.50,Cervus elaphus (Red deer),0,0,0
2899,765,885,587,39,29,1.00,2,0.50,Cervus elaphus (Red deer),0,0,0
2920,782,879,501,28,21,1.00,1,1.00,Cervus elaphus (Red deer),0,0,0
2959,765,859,502,39,29,1.00,2,0.50,Cervus elaphus (Red deer),0,0,0
2960,765,859,500,39,29,1.00,2,0.50,Cervus elaphus (Red deer),0,0,0
2969,765,856,481,39,29,1.00,2,0.50,Cervus elaphus (Red deer),0,0,0
2999,765,833,430,39,29,1.00,2,0.50,Cervus elaphus (Red deer),0,0,0
3027,765,818,380,39,29,1.00,2,0.50,Cervus elaphus (Red deer),0,0,0
3029,765,816,377,39,29,1.00,2,0.50,Cervus elaphus (Red deer),0,0,0
3037,765,809,364,39,29,1.00,2,0.50,Cervus elaphus (Red deer),0,0,0
3067,765,793,303,39,29,1.00,2,0.50,Cervus elaphus (Red deer),0,0,0
3078,765,788,281,39,29,1.00,2,0.50,Cervus elaphus (Red deer),0,0,0
3078,776,778,212,36,24,1.00,2,0.50,Cervus elaphus (Red deer),0,0,0
3086,765,784,265,39,29,1.00,2,0.50,Cervus elaphus (Red deer),0,0,0
3086,776,772,194,36,24,1.00,2,0.50,Cervus elaphus (Red deer),0,0,0
3097,765,779,243,39,29,1.00,2,0.50,Cervus elaphus (Red deer),0,0,0
3098,776,763,168,36,24,1.00,2,0.50,Cervus elaphus (Red deer),0,0,0
3107,765,772,220,39,29,1.00,2,0.50,Cervus elaphus (Red deer),0,0,0
3107,776,762,150,36,24,1.00,2,0.50,Cervus elaphus (Red deer),0,0,0
3108,776,762,148,36,24,1.00,2,0.50,Cervus elaphus (Red deer),0,0,0
3119,765,763,193,39,29,1.00,2,0.50,Cervus elaphus (Red deer),0,0,0
3127,765,757,175,39,29,1.00,2,0.50,Cervus elaphus (Red deer),0,0,0
3145,765,748,132,39,29,1.00,1,1.00,Cervus elaphus (Red deer),0,0,0
4303,766,917,437,36,26,1.00,34,1.00,Unknown,0,0,0
4333,766,903,478,36,26,1.00,34,1.00,Unknown,0,0,0
4363,766,890,520,36,26,1.00,34,1.00,Unknown,0,0,0
4393,766,880,561,36,26,1.00,34,1.00,Unknown,0,0,0
4423,766,880,595,36,26,1.00,34,1.00,Unknown,0,0,0
4443,766,878,615,36,26,1.00,34,1.00,Unknown,0,0,0
4463,766,884,632,36,26,1.00,34,1.00,Unknown,0,0,0
4483,766,887,651,36,26,1.00,34,1.00,Unknown,0,0,0
4503,766,888,666,36,26,1.00,34,1.00,Unknown,0,0,0
4533,766,895,683,36,26,1.00,34,1.00,Unknown,0,0,0
4553,766,904,701,36,26,1.00,34,1.00,Unknown,0,0,0
5386,767,341,124,31,24,1.00,2,0.50,Cervus elaphus (Red deer),0,0,0
5396,767,352,146,31,24,1.00,2,0.50,Cervus elaphus (Red deer),0,0,0
5416,767,382,193,31,24,1.00,2,0.50,Cervus elaphus (Red deer),0,0,0
5423,768,504,307,26,27,1.00,2,0.50,Cervus elaphus (Red deer),0,0,0
5446,767,415,261,31,24,1.00,2,0.50,Cervus elaphus (Red deer),0,0,0
5453,768,538,361,26,27,1.00,2,0.50,Cervus elaphus (Red deer),0,0,0
5462,767,434,298,31,24,1.00,2,0.50,Cervus elaphus (Red deer),0,0,0
5462,768,547,381,26,27,1.00,2,0.50,Cervus elaphus (Red deer),0,0,0
5463,767,435,300,31,24,1.00,2,0.50,Cervus elaphus (Red deer),0,0,0
5463,768,548,383,26,27,1.00,2,0.50,Cervus elaphus (Red deer),0,0,0
5466,767,439,307,31,24,1.00,1,1.00,Cervus elaphus (Red deer),0,0,0
5475,767,449,324,31,24,1.00,1,1.00,Cervus elaphus (Red deer),0,0,0
5483,768,562,423,26,27,1.00,2,0.50,Cervus elaphus (Red deer),0,0,0
5496,767,472,363,31,24,1.00,1,1.00,Cervus elaphus (Red deer),0,0,0
5503,768,579,459,26,27,1.00,2,0.50,Cervus elaphus (Red deer),0,0,0
5505,768,580,456,26,27,1.00,2,0.50,Cervus elaphus (Red deer),0,0,0
5507,768,580,452,26,27,1.00,2,0.50,Cervus elaphus (Red deer),0,0,0
5573,768,631,530,26,27,1.00,2,0.50,Cervus elaphus (Red deer),0,0,0
5583,768,637,538,26,27,1.00,2,0.50,Cervus elaphus (Red deer),0,0,0
5603,768,654,571,26,27,1.00,2,0.50,Cervus elaphus (Red deer),0,0,0
5633,768,677,613,26,27,1.00,2,0.50,Cervus elaphus (Red deer),0,0,0
5663,768,697,655,26,27,1.00,2,0.50,Cervus elaphus (Red deer),0,0,0
5684,768,711,684,26,27,1.00,2,0.50,Cervus elaphus (Red deer),0,0,0
5693,768,717,696,26,27,1.00,1,1.00,Cervus elaphus (Red deer),0,0,0
5713,768,731,726,26,27,1.00,1,1.00,Cervus elaphus (Red deer),0,0,0
5733,768,742,743,26,27,1.00,1,1.00,Cervus elaphus (Red deer),0,0,0
5743,768,748,762,26,27,1.00,1,1.00,Cervus elaphus (Red deer),0,0,0
5761,768,755,778,26,27,1.00,1,1.00,Cervus elaphus (Red deer),0,0,0
5764,768,756,781,26,27,1.00,1,1.00,Cervus elaphus (Red deer),0,0,0
5793,768,773,815,26,27,1.00,1,1.00,Cervus elaphus (Red deer),0,0,0
6538,783,279,871,33,28,1.00,2,0.50,Cervus elaphus (Red deer),0,0,0
6538,784,385,922,37,21,1.00,2,0.50,Cervus elaphus (Red deer),0,0,0
6548,769,356,855,44,38,1.00,2,0.50,Cervus elaphus (Red deer),0,0,0
6548,784,374,904,37,21,1.00,2,0.50,Cervus elaphus (Red deer),0,0,0
6558,769,346,844,44,38,1.00,2,0.50,Cervus elaphus (Red deer),0,0,0
6558,783,258,842,33,28,1.00,2,0.50,Cervus elaphus (Red deer),0,0,0
6558,784,364,893,37,21,1.00,2,0.50,Cervus elaphus (Red deer),0,0,0
6588,783,226,798,33,28,1.00,2,0.50,Cervus elaphus (Red deer),0,0,0
6588,784,337,852,37,21,1.00,2,0.50,Cervus elaphus (Red deer),0,0,0
6594,785,300,825,27,29,1.00,2,0.50,Cervus elaphus (Red deer),0,0,0
6598,769,310,782,44,38,1.00,2,0.50,Cervus elaphus (Red deer),0,0,0
6614,769,291,760,44,38,1.00,2,0.50,Cervus elaphus (Red deer),0,0,0
6614,783,199,755,33,28,1.00,2,0.50,Cervus elaphus (Red deer),0,0,0
6614,784,316,816,37,21,1.00,2,0.50,Cervus elaphus (Red deer),0,0,0
6614,785,284,798,27,29,1.00,2,0.50,Cervus elaphus (Red deer),0,0,0
6618,769,286,754,44,38,1.00,2,0.50,Cervus elaphus (Red deer),0,0,0
6628,769,276,737,44,38,1.00,2,0.50,Cervus elaphus (Red deer),0,0,0
6628,783,185,732,33,28,1.00,2,0.50,Cervus elaphus (Red deer),0,0,0
6628,784,298,793,37,21,1.00,2,0.50,Cervus elaphus (Red deer),0,0,0
6634,785,257,764,27,29,1.00,2,0.50,Cervus elaphus (Red deer),0,0,0
6661,769,245,681,44,38,1.00,1,1.00,Cervus elaphus (Red deer),0,0,0
6668,769,236,667,44,38,1.00,1,1.00,Cervus elaphus (Red deer),0,0,0
6691,769,207,619,44,38,1.00,1,1.00,Cervus elaphus (Red deer),0,0,0
6738,769,152,519,44,38,1.00,1,1.00,Cervus elaphus (Red deer),0,0,0
6799,769,51,339,44,38,1.00,1,1.00,Cervus elaphus (Red deer),0,0,0
7519,777,968,258,43,44,1.00,34,1.00,Unknown,0,0,0
7549,777,966,216,43,44,1.00,34,1.00,Unknown,0,0,0
7569,777,958,184,43,44,1.00,34,1.00,Unknown,0,0,0
8957,770,21,434,41,37,1.00,2,0.50,Cervus elaphus (Red deer),0,0,0
8967,770,46,455,41,37,1.00,2,0.50,Cervus elaphus (Red deer),0,0,0
8977,770,70,475,41,37,1.00,2,0.50,Cervus elaphus (Red deer),0,0,0
8997,770,114,506,41,37,1.00,2,0.50,Cervus elaphus (Red deer),0,0,0
9007,770,131,526,41,37,1.00,2,0.50,Cervus elaphus (Red deer),0,0,0
9016,770,154,540,41,37,1.00,2,0.50,Cervus elaphus (Red deer),0,0,0
9016,778,68,490,35,34,1.00,1,1.00,Cervus elaphus (Red deer),0,0,0
9017,770,156,541,41,37,1.00,2,0.50,Cervus elaphus (Red deer),0,0,0
9020,770,158,544,41,37,1.00,2,0.50,Cervus elaphus (Red deer),0,0,0
9022,770,161,549,41,37,1.00,2,0.50,Cervus elaphus (Red deer),0,0,0
9025,770,155,543,41,37,1.00,2,0.50,Cervus elaphus (Red deer),0,0,0
9026,770,161,548,41,37,1.00,2,0.50,Cervus elaphus (Red deer),0,0,0
9026,778,88,506,35,34,1.00,1,1.00,Cervus elaphus (Red deer),0,0,0
9028,770,174,559,41,37,1.00,2,0.50,Cervus elaphus (Red deer),0,0,0
9029,770,168,558,41,37,1.00,2,0.50,Cervus elaphus (Red deer),0,0,0
9030,770,165,560,41,37,1.00,2,0.50,Cervus elaphus (Red deer),0,0,0
9031,770,178,560,41,37,1.00,2,0.50,Cervus elaphus (Red deer),0,0,0
9031,778,100,516,35,34,1.00,1,1.00,Cervus elaphus (Red deer),0,0,0
9032,770,172,560,41,37,1.00,2,0.50,Cervus elaphus (Red deer),0,0,0
9033,770,168,558,41,37,1.00,1,1.00,Cervus elaphus (Red deer),0,0,0
9033,778,99,513,35,34,1.00,1,1.00,Cervus elaphus (Red deer),0,0,0
9034,770,242,606,41,37,1.00,1,1.00,Cervus elaphus (Red deer),0,0,0
9034,778,163,563,35,34,1.00,1,1.00,Cervus elaphus (Red deer),0,0,0
9035,770,245,608,41,37,1.00,1,1.00,Cervus elaphus (Red deer),0,0,0
9035,778,167,561,35,34,1.00,1,1.00,Cervus elaphus (Red deer),0,0,0
9036,770,248,609,41,37,1.00,1,1.00,Cervus elaphus (Red deer),0,0,0
9036,778,166,566,35,34,1.00,1,1.00,Cervus elaphus (Red deer),0,0,0
9037,770,246,611,41,37,1.00,1,1.00,Cervus elaphus (Red deer),0,0,0
9038,770,248,607,41,37,1.00,1,1.00,Cervus elaphus (Red deer),0,0,0
9040,770,251,610,41,37,1.00,1,1.00,Cervus elaphus (Red deer),0,0,0
9041,770,253,612,41,37,1.00,1,1.00,Cervus elaphus (Red deer),0,0,0
9043,770,256,615,41,37,1.00,1,1.00,Cervus elaphus (Red deer),0,0,0
9048,770,265,621,41,37,1.00,1,1.00,Cervus elaphus (Red deer),0,0,0
9053,770,273,630,41,37,1.00,1,1.00,Cervus elaphus (Red deer),0,0,0
9056,770,278,631,41,37,1.00,1,1.00,Cervus elaphus (Red deer),0,0,0
9056,778,207,591,35,34,1.00,1,1.00,Cervus elaphus (Red deer),0,0,0
9061,770,290,642,41,37,1.00,1,1.00,Cervus elaphus (Red deer),0,0,0
9066,770,297,642,41,37,1.00,1,1.00,Cervus elaphus (Red deer),0,0,0
9071,786,371,689,30,31,1.00,1,1.00,Cervus elaphus (Red deer),0,0,0
9076,778,239,620,35,34,1.00,1,1.00,Cervus elaphus (Red deer),0,0,0
9079,770,314,660,41,37,1.00,1,1.00,Cervus elaphus (Red deer),0,0,0
9089,770,334,673,41,37,1.00,1,1.00,Cervus elaphus (Red deer),0,0,0
9090,770,336,679,41,37,1.00,1,1.00,Cervus elaphus (Red deer),0,0,0
9091,786,406,715,30,31,1.00,1,1.00,Cervus elaphus (Red deer),0,0,0
9092,770,339,680,41,37,1.00,1,1.00,Cervus elaphus (Red deer),0,0,0
9093,770,339,681,41,37,1.00,1,1.00,Cervus elaphus (Red deer),0,0,0
9094,770,343,680,41,37,1.00,1,1.00,Cervus elaphus (Red deer),0,0,0
9096,778,274,648,35,34,1.00,1,1.00,Cervus elaphus (Red deer),0,0,0
9102,770,355,688,41,37,1.00,1,1.00,Cervus elaphus (Red deer),0,0,0
9106,786,426,732,30,31,1.00,1,1.00,Cervus elaphus (Red deer),0,0,0
9107,779,426,733,37,32,1.00,2,0.50,Cervus elaphus (Red deer),0,0,0
9110,770,367,699,41,37,1.00,1,1.00,Cervus elaphus (Red deer),0,0,0
9115,770,371,706,41,37,1.00,1,1.00,Cervus elaphus (Red deer),0,0,0
9116,778,307,676,35,34,1.00,1,1.00,Cervus elaphus (Red deer),0,0,0
9117,770,375,709,41,37,1.00,1,1.00,Cervus elaphus (Red deer),0,0,0
9120,770,380,713,41,37,1.00,1,1.00,Cervus elaphus (Red deer),0,0,0
9125,770,385,714,41,37,1.00,1,1.00,Cervus elaphus (Red deer),0,0,0
9127,770,389,719,41,37,1.00,1,1.00,Cervus elaphus (Red deer),0,0,0
9127,779,451,758,37,32,1.00,2,0.50,Cervus elaphus (Red deer),0,0,0
9130,770,391,723,41,37,1.00,1,1.00,Cervus elaphus (Red deer),0,0,0
9132,770,394,728,41,37,1.00,1,1.00,Cervus elaphus (Red deer),0,0,0
9136,778,336,700,35,34,1.00,1,1.00,Cervus elaphus (Red deer),0,0,0
9138,770,403,734,41,37,1.00,1,1.00,Cervus elaphus (Red deer),0,0,0
9142,770,406,739,41,37,1.00,1,1.00,Cervus elaphus (Red deer),0,0,0
9145,770,409,742,41,37,1.00,1,1.00,Cervus elaphus (Red deer),0,0,0
9147,779,475,779,37,32,1.00,2,0.50,Cervus elaphus (Red deer),0,0,0
9148,770,412,743,41,37,1.00,1,1.00,Cervus elaphus (Red deer),0,0,0
9151,770,414,751,41,37,1.00,1,1.00,Cervus elaphus (Red deer),0,0,0
9153,770,424,747,41,37,1.00,1,1.00,Cervus elaphus (Red deer),0,0,0
9154,770,418,757,41,37,1.00,1,1.00,Cervus elaphus (Red deer),0,0,0
9156,778,367,723,35,34,1.00,1,1.00,Cervus elaphus (Red deer),0,0,0
9172,770,437,772,41,37,1.00,1,1.00,Cervus elaphus (Red deer),0,0,0
9176,778,387,747,35,34,1.00,1,1.00,Cervus elaphus (Red deer),0,0,0
9177,779,505,814,37,32,1.00,2,0.50,Cervus elaphus (Red deer),0,0,0
9182,770,456,779,41,37,1.00,1,1.00,Cervus elaphus (Red deer),0,0,0
9196,778,409,770,35,34,1.00,1,1.00,Cervus elaphus (Red deer),0,0,0
9197,779,522,830,37,32,1.00,2,0.50,Cervus elaphus (Red deer),0,0,0
9202,770,472,803,41,37,1.00,1,1.00,Cervus elaphus (Red deer),0,0,0
9216,778,432,796,35,34,1.00,1,1.00,Cervus elaphus (Red deer),0,0,0
9217,779,539,854,37,32,1.00,2,0.50,Cervus elaphus (Red deer),0,0,0
9222,770,494,822,41,37,1.00,1,1.00,Cervus elaphus (Red deer),0,0,0
9236,778,453,822,35,34,1.00,1,1.00,Cervus elaphus (Red deer),0,0,0
9237,779,555,873,37,32,1.00,2,0.50,Cervus elaphus (Red deer),0,0,0
9242,770,510,844,41,37,1.00,1,1.00,Cervus elaphus (Red deer),0,0,0
9244,770,456,822,41,37,1.00,1,1.00,Cervus elaphus (Red deer),0,0,0
9246,770,511,851,41,37,1.00,1,1.00,Cervus elaphus (Red deer),0,0,0
9250,770,514,855,41,37,1.00,1,1.00,Cervus elaphus (Red deer),0,0,0
9252,770,515,857,41,37,1.00,1,1.00,Cervus elaphus (Red deer),0,0,0
9256,778,471,839,35,34,1.00,1,1.00,Cervus elaphus (Red deer),0,0,0
9257,779,575,893,37,32,1.00,2,0.50,Cervus elaphus (Red deer),0,0,0
9262,770,524,873,41,37,1.00,1,1.00,Cervus elaphus (Red deer),0,0,0
9267,779,576,904,37,32,1.00,2,0.50,Cervus elaphus (Red deer),0,0,0
9272,770,529,877,41,37,1.00,1,1.00,Cervus elaphus (Red deer),0,0,0
9276,778,483,864,35,34,1.00,1,1.00,Cervus elaphus (Red deer),0,0,0
9282,770,545,899,41,37,1.00,1,1.00,Cervus elaphus (Red deer),0,0,0
9292,770,537,902,41,37,1.00,1,1.00,Cervus elaphus (Red deer),0,0,0
9296,778,495,883,35,34,1.00,1,1.00,Cervus elaphus (Red deer),0,0,0
9304,770,495,894,41,37,1.00,1,1.00,Cervus elaphus (Red deer),0,0,0
9316,778,500,913,35,34,1.00,1,1.00,Cervus elaphus (Red deer),0,0,0
15614,771,142,470,25,14,1.00,34,1.00,Unknown,0,0,0
15683,771,225,575,25,14,1.00,34,1.00,Unknown,0,0,0
15694,771,234,583,25,14,1.00,34,1.00,Unknown,0,0,0
15704,771,243,589,25,14,1.00,34,1.00,Unknown,0,0,0
15714,771,250,595,25,14,1.00,34,1.00,Unknown,0,0,0
15744,771,294,607,25,14,1.00,34,1.00,Unknown,0,0,0
15774,771,330,609,25,14,1.00,34,1.00,Unknown,0,0,0
15784,771,336,610,25,14,1.00,34,1.00,Unknown,0,0,0
15794,771,340,614,25,14,1.00,34,1.00,Unknown,0,0,0
15804,771,344,619,25,14,1.00,34,1.00,Unknown,0,0,0
15814,771,348,628,25,14,1.00,34,1.00,Unknown,0,0,0
15824,771,354,638,25,14,1.00,34,1.00,Unknown,0,0,0
15834,771,352,648,25,14,1.00,34,1.00,Unknown,0,0,0
15844,771,354,661,25,14,1.00,34,1.00,Unknown,0,0,0
15853,771,355,673,25,14,1.00,34,1.00,Unknown,0,0,0
15894,771,362,744,25,14,1.00,34,1.00,Unknown,0,0,0
16322,772,100,320,35,16,1.00,17,1.00,Homo sapiens (Human),0,0,0
16322,773,101,336,22,22,1.00,17,1.00,Homo sapiens (Human),0,0,0
16342,772,97,371,35,16,1.00,17,1.00,Homo sapiens (Human),0,0,0
16342,773,98,387,22,22,1.00,17,1.00,Homo sapiens (Human),0,0,0
16362,772,103,419,35,16,1.00,17,1.00,Homo sapiens (Human),0,0,0
16362,773,104,435,22,22,1.00,17,1.00,Homo sapiens (Human),0,0,0
16369,772,97,433,35,16,1.00,17,1.00,Homo sapiens (Human),0,0,0
16382,772,104,449,35,16,1.00,17,1.00,Homo sapiens (Human),0,0,0
16382,773,105,465,22,22,1.00,17,1.00,Homo sapiens (Human),0,0,0
16389,772,96,462,35,16,1.00,17,1.00,Homo sapiens (Human),0,0,0
16402,772,105,469,35,16,1.00,17,1.00,Homo sapiens (Human),0,0,0
16402,773,106,485,22,22,1.00,17,1.00,Homo sapiens (Human),0,0,0
16409,772,106,477,35,16,1.00,17,1.00,Homo sapiens (Human),0,0,0
16429,772,128,485,35,16,1.00,17,1.00,Homo sapiens (Human),0,0,0
16429,773,135,499,22,22,1.00,17,1.00,Homo sapiens (Human),0,0,0
16432,772,141,485,35,16,1.00,17,1.00,Homo sapiens (Human),0,0,0
16432,773,142,501,22,22,1.00,17,1.00,Homo sapiens (Human),0,0,0
16442,772,154,488,35,16,1.00,17,1.00,Homo sapiens (Human),0,0,0
16442,773,162,502,22,22,1.00,17,1.00,Homo sapiens (Human),0,0,0
16462,772,196,486,35,16,1.00,17,1.00,Homo sapiens (Human),0,0,0
16462,773,204,500,22,22,1.00,17,1.00,Homo sapiens (Human),0,0,0
16482,772,260,493,35,16,1.00,17,1.00,Homo sapiens (Human),0,0,0
16482,773,269,504,22,22,1.00,17,1.00,Homo sapiens (Human),0,0,0
16482,774,211,494,27,27,1.00,17,1.00,Homo sapiens (Human),0,0,0
16512,772,340,489,35,16,1.00,17,1.00,Homo sapiens (Human),0,0,0
16512,773,349,500,22,22,1.00,17,1.00,Homo sapiens (Human),0,0,0
16512,774,291,490,27,27,1.00,17,1.00,Homo sapiens (Human),0,0,0
16542,772,393,488,35,16,1.00,17,1.00,Homo sapiens (Human),0,0,0
16542,773,402,499,22,22,1.00,17,1.00,Homo sapiens (Human),0,0,0
16542,774,344,489,27,27,1.00,17,1.00,Homo sapiens (Human),0,0,0
16562,772,423,489,35,16,1.00,17,1.00,Homo sapiens (Human),0,0,0
16562,773,432,500,22,22,1.00,17,1.00,Homo sapiens (Human),0,0,0
16562,774,374,490,27,27,1.00,17,1.00,Homo sapiens (Human),0,0,0
16592,772,502,489,35,16,1.00,17,1.00,Homo sapiens (Human),0,0,0
16592,773,508,499,22,22,1.00,17,1.00,Homo sapiens (Human),0,0,0
16592,774,453,490,27,27,1.00,17,1.00,Homo sapiens (Human),0,0,0
16622,772,538,483,35,16,1.00,17,1.00,Homo sapiens (Human),0,0,0
16622,773,544,493,22,22,1.00,17,1.00,Homo sapiens (Human),0,0,0
16622,774,489,484,27,27,1.00,17,1.00,Homo sapiens (Human),0,0,0
16652,772,578,480,35,16,1.00,17,1.00,Homo sapiens (Human),0,0,0
16652,773,584,490,22,22,1.00,17,1.00,Homo sapiens (Human),0,0,0
16652,774,529,481,27,27,1.00,17,1.00,Homo sapiens (Human),0,0,0
16682,772,584,478,35,16,1.00,17,1.00,Homo sapiens (Human),0,0,0
16682,773,590,488,22,22,1.00,17,1.00,Homo sapiens (Human),0,0,0
16682,774,535,479,27,27,1.00,17,1.00,Homo sapiens (Human),0,0,0
16762,772,584,478,35,16,1.00,17,1.00,Homo sapiens (Human),0,0,0
16762,773,590,488,22,22,1.00,17,1.00,Homo sapiens (Human),0,0,0
16762,774,535,479,27,27,1.00,17,1.00,Homo sapiens (Human),0,0,0
16842,772,584,478,35,16,1.00,17,1.00,Homo sapiens (Human),0,0,0
16842,773,590,488,22,22,1.00,17,1.00,Homo sapiens (Human),0,0,0
16842,774,535,479,27,27,1.00,17,1.00,Homo sapiens (Human),0,0,0
16902,772,598,478,35,16,1.00,17,1.00,Homo sapiens (Human),0,0,0
16902,773,604,488,22,22,1.00,17,1.00,Homo sapiens (Human),0,0,0
16902,774,549,479,27,27,1.00,17,1.00,Homo sapiens (Human),0,0,0
16932,772,605,478,35,16,1.00,17,1.00,Homo sapiens (Human),0,0,0
16932,773,616,490,22,22,1.00,17,1.00,Homo sapiens (Human),0,0,0
16932,774,549,479,27,27,1.00,17,1.00,Homo sapiens (Human),0,0,0
16962,772,610,477,35,16,1.00,17,1.00,Homo sapiens (Human),0,0,0
16962,773,620,493,22,22,1.00,17,1.00,Homo sapiens (Human),0,0,0
16962,774,549,479,27,27,1.00,17,1.00,Homo sapiens (Human),0,0,0
17022,772,618,472,35,16,1.00,17,1.00,Homo sapiens (Human),0,0,0
17022,773,635,485,22,22,1.00,17,1.00,Homo sapiens (Human),0,0,0
17022,774,550,475,27,27,1.00,17,1.00,Homo sapiens (Human),0,0,0
17082,772,627,464,35,16,1.00,17,1.00,Homo sapiens (Human),0,0,0
17082,773,647,476,22,22,1.00,17,1.00,Homo sapiens (Human),0,0,0
17082,774,557,473,27,27,1.00,17,1.00,Homo sapiens (Human),0,0,0
17112,772,634,464,35,16,1.00,17,1.00,Homo sapiens (Human),0,0,0
17112,773,659,468,22,22,1.00,17,1.00,Homo sapiens (Human),0,0,0
17112,774,560,468,27,27,1.00,17,1.00,Homo sapiens (Human),0,0,0
17142,772,644,459,35,16,1.00,17,1.00,Homo sapiens (Human),0,0,0
17142,773,667,464,22,22,1.00,17,1.00,Homo sapiens (Human),0,0,0
17142,774,567,466,27,27,1.00,17,1.00,Homo sapiens (Human),0,0,0
17182,772,650,456,35,16,1.00,17,1.00,Homo sapiens (Human),0,0,0
17182,773,674,461,22,22,1.00,17,1.00,Homo sapiens (Human),0,0,0
17182,774,570,464,27,27,1.00,17,1.00,Homo sapiens (Human),0,0,0
17212,772,655,469,35,16,1.00,17,1.00,Homo sapiens (Human),0,0,0
17212,773,679,476,22,22,1.00,17,1.00,Homo sapiens (Human),0,0,0
17212,774,571,471,27,27,1.00,17,1.00,Homo sapiens (Human),0,0,0
17242,772,659,475,35,16,1.00,17,1.00,Homo sapiens (Human),0,0,0
17242,773,676,480,22,22,1.00,17,1.00,Homo sapiens (Human),0,0,0
17242,774,571,481,27,27,1.00,17,1.00,Homo sapiens (Human),0,0,0
17272,772,660,503,35,16,1.00,17,1.00,Homo sapiens (Human),0,0,0
17272,773,677,508,22,22,1.00,17,1.00,Homo sapiens (Human),0,0,0
17272,774,572,509,27,27,1.00,17,1.00,Homo sapiens (Human),0,0,0
17362,772,660,503,35,16,1.00,17,1.00,Homo sapiens (Human),0,0,0
17362,773,677,508,22,22,1.00,17,1.00,Homo sapiens (Human),0,0,0
17362,774,572,509,27,27,1.00,17,1.00,Homo sapiens (Human),0,0,0
17392,772,658,505,35,16,1.00,17,1.00,Homo sapiens (Human),0,0,0
17392,773,676,513,22,22,1.00,17,1.00,Homo sapiens (Human),0,0,0
17392,774,572,515,27,27,1.00,17,1.00,Homo sapiens (Human),0,0,0
17452,772,658,510,35,16,1.00,17,1.00,Homo sapiens (Human),0,0,0
17452,773,681,519,22,22,1.00,17,1.00,Homo sapiens (Human),0,0,0
17452,774,572,515,27,27,1.00,17,1.00,Homo sapiens (Human),0,0,0
17482,772,667,528,35,16,1.00,17,1.00,Homo sapiens (Human),0,0,0
17482,773,694,537,22,22,1.00,17,1.00,Homo sapiens (Human),0,0,0
17482,774,576,527,27,27,1.00,17,1.00,Homo sapiens (Human),0,0,0
17512,772,671,532,35,16,1.00,17,1.00,Homo sapiens (Human),0,0,0
17512,773,698,551,22,22,1.00,17,1.00,Homo sapiens (Human),0,0,0
17512,774,580,531,27,27,1.00,17,1.00,Homo sapiens (Human),0,0,0
17542,772,687,533,35,16,1.00,17,1.00,Homo sapiens (Human),0,0,0
17542,773,710,548,22,22,1.00,17,1.00,Homo sapiens (Human),0,0,0
17542,774,588,531,27,27,1.00,17,1.00,Homo sapiens (Human),0,0,0
17602,772,710,541,35,16,1.00,17,1.00,Homo sapiens (Human),0,0,0
17602,773,737,560,22,22,1.00,17,1.00,Homo sapiens (Human),0,0,0
17602,774,608,531,27,27,1.00,17,1.00,Homo sapiens (Human),0,0,0
17632,772,732,546,35,16,1.00,17,1.00,Homo sapiens (Human),0,0,0
17632,773,759,565,22,22,1.00,17,1.00,Homo sapiens (Human),0,0,0
17632,774,628,526,27,27,1.00,17,1.00,Homo sapiens (Human),0,0,0
17662,772,754,548,37,26,1.00,17,1.00,Homo sapiens (Human),0,0,0
17662,773,777,564,32,38,1.00,17,1.00,Homo sapiens (Human),0,0,0
17662,774,652,526,27,27,1.00,17,1.00,Homo sapiens (Human),0,0,0
17692,772,779,549,37,26,1.00,17,1.00,Homo sapiens (Human),0,0,0
17692,773,806,565,32,38,1.00,17,1.00,Homo sapiens (Human),0,0,0
17692,774,670,521,27,27,1.00,17,1.00,Homo sapiens (Human),0,0,0
17722,772,814,558,37,26,1.00,17,1.00,Homo sapiens (Human),0,0,0
17722,773,841,572,32,38,1.00,17,1.00,Homo sapiens (Human),0,0,0
17722,774,699,527,27,27,1.00,17,1.00,Homo sapiens (Human),0,0,0
17752,772,847,551,45,34,1.00,17,1.00,Homo sapiens (Human),0,0,0
17752,773,873,574,50,52,1.00,17,1.00,Homo sapiens (Human),0,0,0
17752,774,716,517,41,45,1.00,17,1.00,Homo sapiens (Human),0,0,0
17752,775,860,607,39,42,1.00,17,1.00,Homo sapiens (Human),0,0,0
17782,772,890,565,45,34,1.00,17,1.00,Homo sapiens (Human),0,0,0
17782,773,922,587,50,52,1.00,17,1.00,Homo sapiens (Human),0,0,0
17782,774,746,530,41,45,1.00,17,1.00,Homo sapiens (Human),0,0,0
17782,775,900,626,39,42,1.00,17,1.00,Homo sapiens (Human),0,0,0
17812,772,943,565,63,48,1.00,17,1.00,Homo sapiens (Human),0,0,0
17812,773,978,599,46,52,1.00,17,1.00,Homo sapiens (Human),0,0,0
17812,774,779,521,55,59,1.00,17,1.00,Homo sapiens (Human),0,0,0
17812,775,954,628,59,56,1.00,17,1.00,Homo sapiens (Human),0,0,0
17842,772,992,570,32,48,1.00,17,1.00,Homo sapiens (Human),0,0,0
17842,774,828,526,55,59,1.00,17,1.00,Homo sapiens (Human),0,0,0
17842,775,1003,633,21,56,1.00,17,1.00,Homo sapiens (Human),0,0,0
17872,774,836,517,85,89,1.00,17,1.00,Homo sapiens (Human),0,0,0
17902,774,889,512,85,89,1.00,17,1.00,Homo sapiens (Human),0,0,0
17952,774,1006,509,18,89,1.00,17,1.00,Homo sapiens (Human),0,0,0
17982,774,1001,519,23,89,1.00,17,1.00,Homo sapiens (Human),0,0,0
18012,774,967,525,57,89,1.00,17,1.00,Homo sapiens (Human),0,0,0
18042,774,947,530,77,89,1.00,17,1.00,Homo sapiens (Human),0,0,0
18102,774,963,531,61,89,1.00,17,1.00,Homo sapiens (Human),0,0,0
18132,774,1012,531,12,89,1.00,17,1.00,Homo sapiens (Human),0,0,0
