0,3792,239,374,57,54,1.00,63,0.50,Sus scrofa (Wild boar),0,2,0
0,3793,733,802,56,39,1.00,63,0.50,Sus scrofa (Wild boar),0,2,0
0,3794,732,287,56,49,1.00,63,0.50,Sus scrofa (Wild boar),0,2,0
10,3792,218,356,57,54,1.00,63,0.50,Sus scrofa (Wild boar),0,2,0
10,3793,712,784,56,39,1.00,63,0.50,Sus scrofa (Wild boar),0,2,0
10,3794,711,269,56,49,1.00,63,0.50,Sus scrofa (Wild boar),0,2,0
18,3792,202,344,57,54,1.00,63,0.50,Sus scrofa (Wild boar),0,2,0
18,3793,696,772,56,39,1.00,63,0.50,Sus scrofa (Wild boar),0,2,0
18,3794,695,257,56,49,1.00,63,0.50,Sus scrofa (Wild boar),0,2,0
21,3792,186,370,57,54,1.00,63,0.50,Sus scrofa (Wild boar),0,2,0
21,3793,723,742,56,39,1.00,63,0.50,Sus scrofa (Wild boar),0,2,0
21,3794,658,228,56,49,1.00,63,0.50,Sus scrofa (Wild boar),0,2,0
24,3792,178,365,57,54,1.00,63,0.50,Sus scrofa (Wild boar),0,2,0
24,3793,715,737,56,39,1.00,63,0.50,Sus scrofa (Wild boar),0,2,0
24,3794,650,223,56,49,1.00,63,0.50,Sus scrofa (Wild boar),0,2,0
44,3792,139,336,57,54,1.00,63,0.50,Sus scrofa (Wild boar),0,2,0
44,3793,665,708,56,39,1.00,63,0.50,Sus scrofa (Wild boar),0,2,0
44,3794,611,194,56,49,1.00,63,0.50,Sus scrofa (Wild boar),0,2,0
74,3792,79,296,57,54,1.00,63,0.50,Sus scrofa (Wild boar),0,2,0
74,3793,605,668,56,39,1.00,63,0.50,Sus scrofa (Wild boar),0,2,0
74,3794,551,154,56,49,1.00,63,0.50,Sus scrofa (Wild boar),0,2,0
104,3792,14,257,57,54,1.00,63,0.50,Sus scrofa (Wild boar),0,2,0
104,3793,549,629,56,39,1.00,63,0.50,Sus scrofa (Wild boar),0,2,0
104,3794,478,111,56,49,1.00,63,0.50,Sus scrofa (Wild boar),0,2,0
124,3792,0,230,20,54,1.00,63,0.50,Sus scrofa (Wild boar),0,2,0
124,3793,508,602,56,39,1.00,63,0.50,Sus scrofa (Wild boar),0,2,0
124,3794,435,72,56,49,1.00,63,0.50,Sus scrofa (Wild boar),0,2,0
164,3793,430,550,56,39,1.00,63,0.50,Sus scrofa (Wild boar),0,2,0
174,3793,412,533,56,39,1.00,63,0.50,Sus scrofa (Wild boar),0,2,0
224,3793,312,469,56,39,1.00,63,0.50,Sus scrofa (Wild boar),0,2,0
274,3793,212,406,56,39,1.00,63,0.50,Sus scrofa (Wild boar),0,2,0
324,3793,127,352,56,39,1.00,63,0.50,Sus scrofa (Wild boar),0,2,0
364,3793,57,349,56,39,1.00,63,0.50,Sus scrofa (Wild boar),0,2,0
400,3793,0,349,25,39,1.00,63,0.50,Sus scrofa (Wild boar),0,2,0
831,3796,6,729,52,34,1.00,63,0.50,Sus scrofa (Wild boar),0,2,0
871,3795,0,308,25,39,1.00,63,0.50,Sus scrofa (Wild boar),0,2,0
871,3796,77,783,52,34,1.00,63,0.50,Sus scrofa (Wild boar),0,2,0
886,3795,12,328,43,39,1.00,63,0.50,Sus scrofa (Wild boar),0,2,0
886,3796,101,803,52,34,1.00,63,0.50,Sus scrofa (Wild boar),0,2,0
911,3795,62,363,43,39,1.00,63,0.50,Sus scrofa (Wild boar),0,2,0
911,3796,152,837,52,34,1.00,63,0.50,Sus scrofa (Wild boar),0,2,0
916,3795,72,370,43,39,1.00,63,0.50,Sus scrofa (Wild boar),0,2,0
916,3796,162,844,52,34,1.00,63,0.50,Sus scrofa (Wild boar),0,2,0
936,3795,121,406,43,39,1.00,63,0.50,Sus scrofa (Wild boar),0,2,0
936,3796,202,875,52,34,1.00,63,0.50,Sus scrofa (Wild boar),0,2,0
960,3795,166,437,43,39,1.00,63,0.50,Sus scrofa (Wild boar),0,2,0
960,3796,247,906,52,34,1.00,63,0.50,Sus scrofa (Wild boar),0,2,0
980,3795,199,469,43,39,1.00,63,0.50,Sus scrofa (Wild boar),0,2,0
1010,3795,267,509,43,39,1.00,63,0.50,Sus scrofa (Wild boar),0,2,0
1032,3795,309,539,43,39,1.00,63,0.50,Sus scrofa (Wild boar),0,2,0
1052,3795,351,574,43,39,1.00,63,0.50,Sus scrofa (Wild boar),0,2,0
1081,3795,410,613,43,39,1.00,63,0.50,Sus scrofa (Wild boar),0,2,0
1081,3797,0,726,15,49,1.00,63,0.50,Sus scrofa (Wild boar),0,2,0
1111,3795,476,652,43,39,1.00,63,0.50,Sus scrofa (Wild boar),0,2,0
1111,3797,27,770,54,49,1.00,63,0.50,Sus scrofa (Wild boar),0,2,0
1141,3795,530,693,43,39,1.00,63,0.50,Sus scrofa (Wild boar),0,2,0
1141,3797,81,811,54,49,1.00,63,0.50,Sus scrofa (Wild boar),0,2,0
1171,3795,596,739,43,39,1.00,63,0.50,Sus scrofa (Wild boar),0,2,0
1171,3797,147,857,54,49,1.00,63,0.50,Sus scrofa (Wild boar),0,2,0
1191,3795,643,769,43,39,1.00,63,0.50,Sus scrofa (Wild boar),0,2,0
1191,3797,187,881,54,49,1.00,63,0.50,Sus scrofa (Wild boar),0,2,0
1204,3795,667,789,43,39,1.00,63,0.50,Sus scrofa (Wild boar),0,2,0
1204,3797,212,904,54,49,1.00,63,0.50,Sus scrofa (Wild boar),0,2,0
1234,3795,727,832,43,39,1.00,63,0.50,Sus scrofa (Wild boar),0,2,0
1254,3795,772,858,43,39,1.00,63,0.50,Sus scrofa (Wild boar),0,2,0
1284,3795,832,902,43,39,1.00,63,0.50,Sus scrofa (Wild boar),0,2,0
1290,3795,844,911,43,39,1.00,63,0.50,Sus scrofa (Wild boar),0,2,0
2999,3798,448,901,34,22,1.00,53,0.50,Canis lupus familiaris (Dog),0,2,0
3009,3798,435,884,34,22,1.00,53,0.50,Canis lupus familiaris (Dog),0,2,0
3022,3798,417,862,34,22,1.00,53,0.50,Canis lupus familiaris (Dog),0,2,0
3022,3799,355,902,36,39,1.00,29,0.50,Homo sapiens (Human),0,2,0
3028,3798,406,856,34,22,1.00,53,0.50,Canis lupus familiaris (Dog),0,2,0
3028,3799,344,896,36,39,1.00,29,0.50,Homo sapiens (Human),0,2,0
3038,3798,390,838,34,22,1.00,53,0.50,Canis lupus familiaris (Dog),0,2,0
3038,3799,331,872,36,39,1.00,29,0.50,Homo sapiens (Human),0,2,0
3059,3798,354,806,34,22,1.00,53,0.50,Canis lupus familiaris (Dog),0,2,0
3068,3798,336,797,34,22,1.00,53,0.50,Canis lupus familiaris (Dog),0,2,0
3068,3799,288,823,36,39,1.00,29,0.50,Homo sapiens (Human),0,2,0
3079,3798,315,781,34,22,1.00,53,0.50,Canis lupus familiaris (Dog),0,2,0
3098,3798,280,758,34,22,1.00,53,0.50,Canis lupus familiaris (Dog),0,2,0
3098,3799,246,771,36,39,1.00,29,0.50,Homo sapiens (Human),0,2,0
3119,3798,249,731,36,21,1.00,53,0.50,Canis lupus familiaris (Dog),0,2,0
3128,3798,235,720,38,20,1.00,53,0.50,Canis lupus familiaris (Dog),0,2,0
3128,3799,201,726,36,39,1.00,29,0.50,Homo sapiens (Human),0,2,0
3158,3798,200,681,38,20,1.00,53,0.50,Canis lupus familiaris (Dog),0,2,0
3158,3799,162,680,36,39,1.00,29,0.50,Homo sapiens (Human),0,2,0
3188,3798,164,648,38,20,1.00,53,0.50,Canis lupus familiaris (Dog),0,2,0
3188,3799,111,632,36,39,1.00,29,0.50,Homo sapiens (Human),0,2,0
3218,3798,114,611,38,20,1.00,53,0.50,Canis lupus familiaris (Dog),0,2,0
3218,3799,49,593,36,39,1.00,29,0.50,Homo sapiens (Human),0,2,0
3248,3798,86,591,30,24,1.00,53,0.50,Canis lupus familiaris (Dog),0,2,0
3248,3799,11,594,36,39,1.00,29,0.50,Homo sapiens (Human),0,2,0
3271,3798,38,610,30,24,1.00,53,0.50,Canis lupus familiaris (Dog),0,2,0
3271,3799,0,609,19,39,1.00,29,0.50,Homo sapiens (Human),0,2,0
3290,3798,0,630,21,24,1.00,53,0.50,Canis lupus familiaris (Dog),0,2,0
3441,3803,315,137,24,24,1.00,47,1.00,Unknown,0,0,0
3481,3801,0,867,11,29,1.00,53,0.50,Canis lupus familiaris (Dog),0,2,0
3481,3803,397,189,24,24,1.00,47,1.00,Unknown,0,0,0
3503,3800,0,885,10,36,1.00,29,0.50,Homo sapiens (Human),0,2,0
3503,3801,26,892,33,29,1.00,53,0.50,Canis lupus familiaris (Dog),0,2,0
3503,3802,432,62,49,45,1.00,63,0.50,Sus scrofa (Wild boar),0,2,0
3503,3803,440,209,24,24,1.00,47,1.00,Unknown,0,0,0
3511,3800,0,897,29,36,1.00,29,0.50,Homo sapiens (Human),0,2,0
3515,3800,3,903,36,36,1.00,29,0.50,Homo sapiens (Human),0,2,0
3515,3801,55,910,33,29,1.00,53,0.50,Canis lupus familiaris (Dog),0,2,0
3515,3802,461,80,49,45,1.00,63,0.50,Sus scrofa (Wild boar),0,2,0
3515,3803,469,227,24,24,1.00,47,1.00,Unknown,0,0,0
3523,3800,22,910,36,36,1.00,29,0.50,Homo sapiens (Human),0,2,0
3523,3803,481,236,24,24,1.00,47,1.00,Unknown,0,0,0
3524,3800,24,911,36,36,1.00,29,0.50,Homo sapiens (Human),0,2,0
3524,3801,76,918,33,29,1.00,53,0.50,Canis lupus familiaris (Dog),0,2,0
3524,3802,482,90,49,45,1.00,63,0.50,Sus scrofa (Wild boar),0,2,0
3524,3803,486,236,24,24,1.00,47,1.00,Unknown,0,0,0
3525,3800,25,913,36,36,1.00,29,0.50,Homo sapiens (Human),0,2,0
3525,3801,77,920,33,29,1.00,53,0.50,Canis lupus familiaris (Dog),0,2,0
3525,3802,483,92,49,45,1.00,63,0.50,Sus scrofa (Wild boar),0,2,0
3525,3803,487,238,24,24,1.00,47,1.00,Unknown,0,0,0
3526,3800,28,914,36,36,1.00,29,0.50,Homo sapiens (Human),0,2,0
3526,3803,487,238,24,24,1.00,47,1.00,Unknown,0,0,0
3533,3800,45,920,36,36,1.00,29,0.50,Homo sapiens (Human),0,2,0
3533,3802,501,105,49,45,1.00,63,0.50,Sus scrofa (Wild boar),0,2,0
3533,3803,503,248,24,24,1.00,47,1.00,Unknown,0,0,0
3535,3800,51,923,36,36,1.00,29,0.50,Homo sapiens (Human),0,2,0
3535,3802,507,108,49,45,1.00,63,0.50,Sus scrofa (Wild boar),0,2,0
3535,3803,509,251,24,24,1.00,47,1.00,Unknown,0,0,0
3564,3809,121,189,33,31,1.00,63,0.50,Sus scrofa (Wild boar),0,2,0
3565,3803,569,290,24,24,1.00,47,1.00,Unknown,0,0,0
3573,3803,585,300,24,24,1.00,47,1.00,Unknown,0,0,0
3575,3802,587,160,49,45,1.00,63,0.50,Sus scrofa (Wild boar),0,2,0
3575,3803,589,303,24,24,1.00,47,1.00,Unknown,0,0,0
3575,3809,144,204,33,31,1.00,63,0.50,Sus scrofa (Wild boar),0,2,0
3576,3805,594,307,23,23,1.00,48,0.50,Unknown,0,0,0
3576,3806,584,159,51,38,1.00,63,0.50,Sus scrofa (Wild boar),0,2,0
3576,3807,148,205,33,29,1.00,63,0.50,Sus scrofa (Wild boar),0,2,0
3583,3805,609,316,23,23,1.00,48,0.50,Unknown,0,0,0
3583,3806,599,168,51,38,1.00,63,0.50,Sus scrofa (Wild boar),0,2,0
3583,3807,163,214,33,29,1.00,63,0.50,Sus scrofa (Wild boar),0,2,0
3583,3808,782,59,34,45,1.00,63,0.50,Sus scrofa (Wild boar),0,2,0
3593,3804,675,59,44,53,1.00,63,0.50,Sus scrofa (Wild boar),0,2,0
3593,3805,629,331,23,23,1.00,48,0.50,Unknown,0,0,0
3593,3806,619,183,51,38,1.00,63,0.50,Sus scrofa (Wild boar),0,2,0
3593,3807,180,226,33,29,1.00,63,0.50,Sus scrofa (Wild boar),0,2,0
3593,3808,813,76,34,45,1.00,63,0.50,Sus scrofa (Wild boar),0,2,0
3603,3804,696,73,44,53,1.00,63,0.50,Sus scrofa (Wild boar),0,2,0
3603,3805,650,345,23,23,1.00,48,0.50,Unknown,0,0,0
3603,3806,640,197,51,38,1.00,63,0.50,Sus scrofa (Wild boar),0,2,0
3603,3807,201,240,33,29,1.00,63,0.50,Sus scrofa (Wild boar),0,2,0
3603,3808,834,94,34,45,1.00,63,0.50,Sus scrofa (Wild boar),0,2,0
3613,3804,719,86,44,53,1.00,63,0.50,Sus scrofa (Wild boar),0,2,0
3613,3805,673,358,23,23,1.00,48,0.50,Unknown,0,0,0
3613,3806,663,210,51,38,1.00,63,0.50,Sus scrofa (Wild boar),0,2,0
3613,3807,219,251,33,29,1.00,63,0.50,Sus scrofa (Wild boar),0,2,0
3613,3808,855,110,34,45,1.00,63,0.50,Sus scrofa (Wild boar),0,2,0
3623,3804,739,111,44,53,1.00,63,0.50,Sus scrofa (Wild boar),0,2,0
3623,3805,693,371,23,23,1.00,48,0.50,Unknown,0,0,0
3623,3806,683,223,51,38,1.00,63,0.50,Sus scrofa (Wild boar),0,2,0
3623,3807,239,264,33,29,1.00,63,0.50,Sus scrofa (Wild boar),0,2,0
3623,3808,875,123,34,45,1.00,63,0.50,Sus scrofa (Wild boar),0,2,0
3632,3804,760,155,44,53,1.00,63,0.50,Sus scrofa (Wild boar),0,2,0
3632,3805,711,384,23,23,1.00,48,0.50,Unknown,0,0,0
3632,3806,701,236,51,38,1.00,63,0.50,Sus scrofa (Wild boar),0,2,0
3632,3807,254,275,33,29,1.00,63,0.50,Sus scrofa (Wild boar),0,2,0
3632,3808,898,134,34,45,1.00,63,0.50,Sus scrofa (Wild boar),0,2,0
3642,3804,791,193,44,53,1.00,63,0.50,Sus scrofa (Wild boar),0,2,0
3642,3805,735,399,23,23,1.00,48,0.50,Unknown,0,0,0
3642,3806,721,249,51,38,1.00,63,0.50,Sus scrofa (Wild boar),0,2,0
3642,3807,276,290,33,29,1.00,63,0.50,Sus scrofa (Wild boar),0,2,0
3642,3808,915,156,34,45,1.00,63,0.50,Sus scrofa (Wild boar),0,2,0
3652,3804,814,227,44,53,1.00,63,0.50,Sus scrofa (Wild boar),0,2,0
3652,3805,753,412,23,23,1.00,48,0.50,Unknown,0,0,0
3652,3806,739,262,51,38,1.00,63,0.50,Sus scrofa (Wild boar),0,2,0
3652,3807,294,303,33,29,1.00,63,0.50,Sus scrofa (Wild boar),0,2,0
3652,3808,942,191,34,45,1.00,63,0.50,Sus scrofa (Wild boar),0,2,0
3672,3804,853,300,44,53,1.00,63,0.50,Sus scrofa (Wild boar),0,2,0
3672,3805,795,438,23,23,1.00,48,0.50,Unknown,0,0,0
3672,3806,781,288,51,38,1.00,63,0.50,Sus scrofa (Wild boar),0,2,0
3672,3807,336,329,33,29,1.00,63,0.50,Sus scrofa (Wild boar),0,2,0
3672,3808,1002,265,22,45,1.00,63,0.50,Sus scrofa (Wild boar),0,2,0
3681,3804,869,325,44,53,1.00,63,0.50,Sus scrofa (Wild boar),0,2,0
3681,3805,811,447,23,23,1.00,48,0.50,Unknown,0,0,0
3681,3806,797,299,51,38,1.00,63,0.50,Sus scrofa (Wild boar),0,2,0
3681,3807,352,338,33,29,1.00,63,0.50,Sus scrofa (Wild boar),0,2,0
3701,3804,919,385,44,53,1.00,63,0.50,Sus scrofa (Wild boar),0,2,0
3701,3805,853,476,23,23,1.00,48,0.50,Unknown,0,0,0
3701,3806,841,330,51,38,1.00,63,0.50,Sus scrofa (Wild boar),0,2,0
3701,3807,390,366,33,29,1.00,63,0.50,Sus scrofa (Wild boar),0,2,0
3731,3804,984,439,40,53,1.00,63,0.50,Sus scrofa (Wild boar),0,2,0
3731,3805,913,518,23,23,1.00,48,0.50,Unknown,0,0,0
3731,3806,900,368,51,38,1.00,63,0.50,Sus scrofa (Wild boar),0,2,0
3731,3807,448,405,33,29,1.00,63,0.50,Sus scrofa (Wild boar),0,2,0
3744,3804,1011,453,13,53,1.00,63,0.50,Sus scrofa (Wild boar),0,2,0
3744,3805,938,532,23,23,1.00,48,0.50,Unknown,0,0,0
3744,3806,925,382,51,38,1.00,63,0.50,Sus scrofa (Wild boar),0,2,0
3744,3807,473,419,33,29,1.00,63,0.50,Sus scrofa (Wild boar),0,2,0
3764,3805,976,559,23,23,1.00,48,0.50,Unknown,0,0,0
3764,3806,967,410,51,38,1.00,63,0.50,Sus scrofa (Wild boar),0,2,0
3764,3807,511,446,33,29,1.00,63,0.50,Sus scrofa (Wild boar),0,2,0
3777,3807,534,463,33,29,1.00,63,0.50,Sus scrofa (Wild boar),0,2,0
3780,3805,1012,580,12,23,1.00,48,0.50,Unknown,0,0,0
3780,3806,1003,434,21,38,1.00,63,0.50,Sus scrofa (Wild boar),0,2,0
3780,3807,543,467,33,29,1.00,63,0.50,Sus scrofa (Wild boar),0,2,0
3785,3806,1014,441,10,38,1.00,63,0.50,Sus scrofa (Wild boar),0,2,0
3785,3807,554,474,33,29,1.00,63,0.50,Sus scrofa (Wild boar),0,2,0
3825,3807,634,526,33,29,1.00,63,0.50,Sus scrofa (Wild boar),0,2,0
3875,3807,733,591,33,29,1.00,63,0.50,Sus scrofa (Wild boar),0,2,0
3915,3807,811,643,33,29,1.00,63,0.50,Sus scrofa (Wild boar),0,2,0
3955,3807,886,694,33,29,1.00,63,0.50,Sus scrofa (Wild boar),0,2,0
3957,3807,896,701,33,29,1.00,63,0.50,Sus scrofa (Wild boar),0,2,0
3985,3807,948,730,33,29,1.00,63,0.50,Sus scrofa (Wild boar),0,2,0
3987,3807,952,733,33,29,1.00,63,0.50,Sus scrofa (Wild boar),0,2,0
4017,3807,1010,770,14,29,1.00,63,0.50,Sus scrofa (Wild boar),0,2,0
5079,3810,994,925,30,43,1.00,63,0.50,Sus scrofa (Wild boar),0,2,0
5089,3810,976,911,43,43,1.00,63,0.50,Sus scrofa (Wild boar),0,2,0
5129,3810,901,859,43,43,1.00,63,0.50,Sus scrofa (Wild boar),0,2,0
5189,3810,791,788,43,43,1.00,63,0.50,Sus scrofa (Wild boar),0,2,0
5249,3810,680,714,43,43,1.00,63,0.50,Sus scrofa (Wild boar),0,2,0
5289,3810,606,665,43,43,1.00,63,0.50,Sus scrofa (Wild boar),0,2,0
5319,3810,552,635,43,43,1.00,63,0.50,Sus scrofa (Wild boar),0,2,0
5369,3810,457,571,43,43,1.00,63,0.50,Sus scrofa (Wild boar),0,2,0
5419,3810,365,511,43,43,1.00,63,0.50,Sus scrofa (Wild boar),0,2,0
5429,3810,349,500,43,43,1.00,63,0.50,Sus scrofa (Wild boar),0,2,0
5489,3810,241,428,43,43,1.00,63,0.50,Sus scrofa (Wild boar),0,2,0
5539,3810,157,375,43,43,1.00,63,0.50,Sus scrofa (Wild boar),0,2,0
5589,3810,70,318,43,43,1.00,63,0.50,Sus scrofa (Wild boar),0,2,0
5619,3810,19,287,43,43,1.00,63,0.50,Sus scrofa (Wild boar),0,2,0
5642,3810,0,261,17,43,1.00,63,0.50,Sus scrofa (Wild boar),0,2,0
6025,3811,0,694,17,35,1.00,63,0.50,Sus scrofa (Wild boar),0,2,0
6047,3811,23,722,42,35,1.00,63,0.50,Sus scrofa (Wild boar),0,2,0
6077,3811,87,762,42,35,1.00,63,0.50,Sus scrofa (Wild boar),0,2,0
6101,3811,116,781,42,35,1.00,63,0.50,Sus scrofa (Wild boar),0,2,0
6102,3811,165,810,42,35,1.00,63,0.50,Sus scrofa (Wild boar),0,2,0
6142,3811,244,868,42,35,1.00,63,0.50,Sus scrofa (Wild boar),0,2,0
6166,3811,302,903,42,35,1.00,63,0.50,Sus scrofa (Wild boar),0,2,0
