1518,4212,248,81,32,29,1.00,22,0.50,Capreolus capreolus (Roe deer),0,2,0
1588,4212,114,212,32,29,1.00,21,1.00,Capreolus capreolus (Roe deer),0,2,0
1598,4212,89,226,32,29,1.00,21,1.00,Capreolus capreolus (Roe deer),0,2,0
1618,4212,31,246,32,29,1.00,21,1.00,Capreolus capreolus (Roe deer),0,2,0
1630,4212,0,254,26,29,1.00,21,1.00,Capreolus capreolus (Roe deer),0,2,0
17944,4213,1014,159,10,29,1.00,64,1.00,Sus scrofa (Wild boar),0,2,0
18004,4213,892,176,25,29,1.00,64,1.00,Sus scrofa (Wild boar),0,2,0
18004,4214,1011,127,13,32,1.00,64,1.00,Sus scrofa (Wild boar),0,2,0
18011,4216,1005,82,19,31,1.00,65,0.50,Sus scrofa (Wild boar),0,2,0
18048,4213,798,181,25,29,1.00,64,1.00,Sus scrofa (Wild boar),0,2,0
18048,4214,917,129,33,32,1.00,64,1.00,Sus scrofa (Wild boar),0,2,0
18058,4213,777,182,25,29,1.00,65,0.50,Sus scrofa (Wild boar),0,2,0
18058,4214,896,130,33,32,1.00,65,0.50,Sus scrofa (Wild boar),0,2,0
18058,4216,912,82,36,31,1.00,65,0.50,Sus scrofa (Wild boar),0,2,0
18067,4213,758,183,25,29,1.00,64,1.00,Sus scrofa (Wild boar),0,2,0
18067,4214,877,131,33,32,1.00,64,1.00,Sus scrofa (Wild boar),0,2,0
18068,4213,756,183,25,29,1.00,64,1.00,Sus scrofa (Wild boar),0,2,0
18068,4214,875,131,33,32,1.00,64,1.00,Sus scrofa (Wild boar),0,2,0
18128,4216,776,86,36,31,1.00,65,0.50,Sus scrofa (Wild boar),0,2,0
18137,4213,620,184,25,29,1.00,64,1.00,Sus scrofa (Wild boar),0,2,0
18137,4214,742,134,33,32,1.00,64,1.00,Sus scrofa (Wild boar),0,2,0
18177,4213,539,187,25,29,1.00,64,1.00,Sus scrofa (Wild boar),0,2,0
18177,4214,661,137,33,32,1.00,64,1.00,Sus scrofa (Wild boar),0,2,0
18228,4216,569,92,36,31,1.00,65,0.50,Sus scrofa (Wild boar),0,2,0
18237,4213,411,192,25,29,1.00,64,1.00,Sus scrofa (Wild boar),0,2,0
18237,4214,533,142,33,32,1.00,64,1.00,Sus scrofa (Wild boar),0,2,0
18297,4213,292,193,25,29,1.00,64,1.00,Sus scrofa (Wild boar),0,2,0
18297,4214,414,143,33,32,1.00,64,1.00,Sus scrofa (Wild boar),0,2,0
18328,4216,369,97,36,31,1.00,65,0.50,Sus scrofa (Wild boar),0,2,0
18357,4213,171,200,25,29,1.00,64,1.00,Sus scrofa (Wild boar),0,2,0
18357,4214,293,150,33,32,1.00,64,1.00,Sus scrofa (Wild boar),0,2,0
18388,4216,249,101,36,31,1.00,65,0.50,Sus scrofa (Wild boar),0,2,0
18397,4213,90,203,25,29,1.00,64,1.00,Sus scrofa (Wild boar),0,2,0
18397,4214,213,151,33,32,1.00,64,1.00,Sus scrofa (Wild boar),0,2,0
18447,4213,0,205,14,29,1.00,64,1.00,Sus scrofa (Wild boar),0,2,0
18447,4214,112,153,33,32,1.00,64,1.00,Sus scrofa (Wild boar),0,2,0
18511,4214,0,157,11,32,1.00,64,1.00,Sus scrofa (Wild boar),0,2,0
18517,4216,0,110,18,31,1.00,65,0.50,Sus scrofa (Wild boar),0,2,0
26139,4215,413,354,25,29,1.00,31,1.00,Homo sapiens (Human),2,0,0
26169,4215,400,405,25,29,1.00,31,1.00,Homo sapiens (Human),2,0,0
26189,4215,388,448,25,29,1.00,31,1.00,Homo sapiens (Human),2,0,0
