3143,4567,226,306,33,25,1.00,50,0.50,Unknown,0,0,0
3153,4567,256,310,33,25,1.00,50,0.50,Unknown,0,0,0
3163,4567,286,313,33,25,1.00,50,0.50,Unknown,0,0,0
3193,4567,369,324,33,25,1.00,50,0.50,Unknown,0,0,0
3213,4567,426,329,33,25,1.00,50,0.50,Unknown,0,0,0
3243,4567,518,335,33,25,1.00,50,0.50,Unknown,0,0,0
3273,4567,598,348,33,25,1.00,50,0.50,Unknown,0,0,0
3303,4567,687,360,33,25,1.00,50,0.50,Unknown,0,0,0
3333,4567,762,364,33,25,1.00,50,0.50,Unknown,0,0,0
3363,4567,847,372,33,25,1.00,50,0.50,Unknown,0,0,0
3393,4567,927,380,33,25,1.00,50,0.50,Unknown,0,0,0
3413,4567,976,386,33,25,1.00,50,0.50,Unknown,0,0,0
11692,4568,408,473,39,21,1.00,50,0.50,Unknown,0,0,0
11719,4568,371,471,39,21,1.00,50,0.50,Unknown,0,0,0
11799,4568,219,463,39,21,1.00,50,0.50,Unknown,0,0,0
12171,4569,622,504,42,36,1.00,50,0.50,Unknown,0,0,0
12201,4569,541,498,42,36,1.00,50,0.50,Unknown,0,0,0
12221,4569,475,491,42,36,1.00,50,0.50,Unknown,0,0,0
15535,4570,98,64,39,39,1.00,49,1.00,Unknown,0,0,0
15545,4570,91,87,39,39,1.00,49,1.00,Unknown,0,0,0
15645,4570,68,287,39,39,1.00,49,1.00,Unknown,0,0,0
15685,4570,45,361,39,39,1.00,49,1.00,Unknown,0,0,0
15695,4570,25,417,39,39,1.00,49,1.00,Unknown,0,0,0
15715,4570,0,454,37,39,1.00,49,1.00,Unknown,0,0,0
16384,4571,951,178,33,38,1.00,18,0.50,Capreolus capreolus (Roe deer),0,0,0
16384,4572,1001,163,23,43,1.00,18,0.50,Capreolus capreolus (Roe deer),0,0,0
16394,4571,930,178,33,38,1.00,18,0.50,Capreolus capreolus (Roe deer),0,0,0
16404,4571,909,178,33,38,1.00,18,0.50,Capreolus capreolus (Roe deer),0,0,0
16404,4572,959,163,29,43,1.00,18,0.50,Capreolus capreolus (Roe deer),0,0,0
16414,4571,894,173,33,38,1.00,18,0.50,Capreolus capreolus (Roe deer),0,0,0
16414,4572,938,161,29,43,1.00,18,0.50,Capreolus capreolus (Roe deer),0,0,0
16454,4571,814,177,33,38,1.00,18,0.50,Capreolus capreolus (Roe deer),0,0,0
16454,4572,858,165,29,43,1.00,18,0.50,Capreolus capreolus (Roe deer),0,0,0
16494,4571,731,178,33,38,1.00,18,0.50,Capreolus capreolus (Roe deer),0,0,0
16494,4572,781,164,29,43,1.00,18,0.50,Capreolus capreolus (Roe deer),0,0,0
16551,4571,623,176,33,38,1.00,18,0.50,Capreolus capreolus (Roe deer),0,0,0
16551,4572,673,162,29,43,1.00,18,0.50,Capreolus capreolus (Roe deer),0,0,0
16621,4571,493,174,33,38,1.00,18,0.50,Capreolus capreolus (Roe deer),0,0,0
16621,4572,543,160,29,43,1.00,18,0.50,Capreolus capreolus (Roe deer),0,0,0
16661,4571,420,169,33,38,1.00,18,0.50,Capreolus capreolus (Roe deer),0,0,0
16661,4572,470,155,29,43,1.00,18,0.50,Capreolus capreolus (Roe deer),0,0,0
16701,4571,342,164,33,38,1.00,18,0.50,Capreolus capreolus (Roe deer),0,0,0
16701,4572,392,150,29,43,1.00,18,0.50,Capreolus capreolus (Roe deer),0,0,0
16721,4571,314,162,33,38,1.00,18,0.50,Capreolus capreolus (Roe deer),0,0,0
16721,4572,364,148,29,43,1.00,18,0.50,Capreolus capreolus (Roe deer),0,0,0
17673,4573,1000,195,24,43,1.00,22,0.50,Capreolus capreolus (Roe deer),0,2,0
17683,4573,969,190,50,43,1.00,22,0.50,Capreolus capreolus (Roe deer),0,2,0
17683,4574,997,254,27,42,1.00,22,0.50,Capreolus capreolus (Roe deer),0,2,0
17703,4573,927,192,50,43,1.00,22,0.50,Capreolus capreolus (Roe deer),0,2,0
17703,4574,955,256,41,42,1.00,22,0.50,Capreolus capreolus (Roe deer),0,2,0
17713,4573,902,187,50,43,1.00,22,0.50,Capreolus capreolus (Roe deer),0,2,0
17713,4574,930,251,41,42,1.00,22,0.50,Capreolus capreolus (Roe deer),0,2,0
17713,4575,980,315,42,43,1.00,22,0.50,Capreolus capreolus (Roe deer),0,2,0
17763,4576,604,169,46,41,1.00,50,0.50,Unknown,0,0,0
17773,4573,765,167,50,43,1.00,22,0.50,Capreolus capreolus (Roe deer),0,2,0
17773,4574,793,231,41,42,1.00,22,0.50,Capreolus capreolus (Roe deer),0,2,0
17773,4575,843,295,42,43,1.00,22,0.50,Capreolus capreolus (Roe deer),0,2,0
17777,4573,756,166,50,43,1.00,22,0.50,Capreolus capreolus (Roe deer),0,2,0
17777,4574,784,230,41,42,1.00,22,0.50,Capreolus capreolus (Roe deer),0,2,0
17777,4575,834,294,42,43,1.00,22,0.50,Capreolus capreolus (Roe deer),0,2,0
17853,4573,581,146,50,43,1.00,22,0.50,Capreolus capreolus (Roe deer),0,2,0
17853,4574,609,210,41,42,1.00,22,0.50,Capreolus capreolus (Roe deer),0,2,0
17853,4575,659,274,42,43,1.00,22,0.50,Capreolus capreolus (Roe deer),0,2,0
17923,4573,404,125,50,43,1.00,22,0.50,Capreolus capreolus (Roe deer),0,2,0
17923,4574,432,189,41,42,1.00,22,0.50,Capreolus capreolus (Roe deer),0,2,0
17923,4575,482,253,42,43,1.00,22,0.50,Capreolus capreolus (Roe deer),0,2,0
17953,4573,333,121,50,43,1.00,22,0.50,Capreolus capreolus (Roe deer),0,2,0
17953,4574,361,185,41,42,1.00,22,0.50,Capreolus capreolus (Roe deer),0,2,0
17953,4575,411,249,42,43,1.00,22,0.50,Capreolus capreolus (Roe deer),0,2,0
17953,4576,127,117,46,41,1.00,50,0.50,Unknown,0,0,0
18003,4573,199,99,50,43,1.00,22,0.50,Capreolus capreolus (Roe deer),0,2,0
18003,4574,227,163,41,42,1.00,22,0.50,Capreolus capreolus (Roe deer),0,2,0
18003,4575,277,227,42,43,1.00,22,0.50,Capreolus capreolus (Roe deer),0,2,0
18003,4576,0,102,35,41,1.00,50,0.50,Unknown,0,0,0
18083,4573,0,76,50,43,1.00,22,0.50,Capreolus capreolus (Roe deer),0,2,0
18083,4574,28,140,41,42,1.00,22,0.50,Capreolus capreolus (Roe deer),0,2,0
18083,4575,85,212,42,43,1.00,22,0.50,Capreolus capreolus (Roe deer),0,2,0
18093,4574,3,138,41,42,1.00,22,0.50,Capreolus capreolus (Roe deer),0,2,0
18093,4575,60,210,42,43,1.00,22,0.50,Capreolus capreolus (Roe deer),0,2,0
18103,4575,30,207,42,43,1.00,22,0.50,Capreolus capreolus (Roe deer),0,2,0
18123,4575,0,204,10,43,1.00,22,0.50,Capreolus capreolus (Roe deer),0,2,0
20936,4577,562,809,50,37,1.00,29,1.00,Homo sapiens (Human),0,2,0
20936,4578,505,843,45,31,1.00,29,1.00,Homo sapiens (Human),0,2,0
21096,4577,585,435,50,37,1.00,29,1.00,Homo sapiens (Human),0,2,0
21096,4578,528,469,45,31,1.00,29,1.00,Homo sapiens (Human),0,2,0
21156,4577,592,302,50,37,1.00,29,1.00,Homo sapiens (Human),0,2,0
21246,4577,596,118,50,37,1.00,29,1.00,Homo sapiens (Human),0,2,0
