4518,4745,142,740,32,28,1.00,18,0.50,Capreolus capreolus (Roe deer),0,0,0
4518,4746,14,631,36,31,1.00,18,0.50,Capreolus capreolus (Roe deer),0,0,0
4558,4745,199,743,32,28,1.00,18,0.50,Capreolus capreolus (Roe deer),0,0,0
4558,4746,71,634,36,31,1.00,18,0.50,Capreolus capreolus (Roe deer),0,0,0
4608,4746,144,634,36,31,1.00,18,0.50,Capreolus capreolus (Roe deer),0,0,0
4698,4745,379,748,32,28,1.00,18,0.50,Capreolus capreolus (Roe deer),0,0,0
4728,4745,441,748,32,28,1.00,18,0.50,Capreolus capreolus (Roe deer),0,0,0
4728,4747,454,899,29,26,1.00,18,0.50,Capreolus capreolus (Roe deer),0,0,0
4760,4745,483,746,32,28,1.00,18,0.50,Capreolus capreolus (Roe deer),0,0,0
4760,4747,496,897,29,26,1.00,18,0.50,Capreolus capreolus (Roe deer),0,0,0
4778,4745,507,745,32,28,1.00,18,0.50,Capreolus capreolus (Roe deer),0,0,0
4778,4747,520,896,29,26,1.00,18,0.50,Capreolus capreolus (Roe deer),0,0,0
4898,4747,687,896,29,26,1.00,18,0.50,Capreolus capreolus (Roe deer),0,0,0
5048,4747,884,900,29,26,1.00,18,0.50,Capreolus capreolus (Roe deer),0,0,0
20499,4748,522,348,34,31,1.00,33,1.00,Homo sapiens (Human),2,2,0
20499,4749,377,228,33,32,1.00,33,1.00,Homo sapiens (Human),2,2,0
20519,4748,523,396,34,31,1.00,33,1.00,Homo sapiens (Human),2,2,0
20519,4749,378,276,33,32,1.00,33,1.00,Homo sapiens (Human),2,2,0
20619,4748,518,642,34,31,1.00,33,1.00,Homo sapiens (Human),2,2,0
20619,4749,373,517,33,32,1.00,33,1.00,Homo sapiens (Human),2,2,0
20630,4748,518,642,34,31,1.00,33,1.00,Homo sapiens (Human),2,2,0
20630,4749,373,517,33,32,1.00,33,1.00,Homo sapiens (Human),2,2,0
20631,4748,514,712,34,31,1.00,33,1.00,Homo sapiens (Human),2,2,0
20631,4749,369,587,33,32,1.00,33,1.00,Homo sapiens (Human),2,2,0
20691,4748,517,872,34,31,1.00,33,1.00,Homo sapiens (Human),2,2,0
20691,4749,368,731,33,32,1.00,33,1.00,Homo sapiens (Human),2,2,0
21753,4750,914,530,36,33,1.00,50,1.00,Unknown,0,0,0
21753,4751,471,174,39,40,1.00,50,1.00,Unknown,0,0,0
21753,4752,382,120,41,38,1.00,50,1.00,Unknown,0,0,0
21793,4750,921,629,36,33,1.00,50,1.00,Unknown,0,0,0
21793,4751,464,279,39,40,1.00,50,1.00,Unknown,0,0,0
21793,4752,400,221,41,38,1.00,50,1.00,Unknown,0,0,0
21853,4750,924,773,36,33,1.00,50,1.00,Unknown,0,0,0
21853,4751,461,431,39,40,1.00,50,1.00,Unknown,0,0,0
21853,4752,397,373,41,38,1.00,50,1.00,Unknown,0,0,0
24494,4753,3,214,36,32,1.00,21,1.00,Capreolus capreolus (Roe deer),0,2,0
24544,4753,100,219,36,32,1.00,21,1.00,Capreolus capreolus (Roe deer),0,2,0
24654,4753,336,231,36,32,1.00,21,1.00,Capreolus capreolus (Roe deer),0,2,0
24754,4753,532,242,36,32,1.00,21,1.00,Capreolus capreolus (Roe deer),0,2,0
24854,4753,691,250,36,32,1.00,21,1.00,Capreolus capreolus (Roe deer),0,2,0
25044,4753,970,266,36,32,1.00,21,1.00,Capreolus capreolus (Roe deer),0,2,0
