1609,5054,881,97,71,54,1.00,61,1.00,Sus scrofa (Wild boar),0,0,0
1779,5054,867,874,71,54,1.00,61,1.00,Sus scrofa (Wild boar),0,0,0
2293,5053,654,853,62,63,1.00,61,1.00,Sus scrofa (Wild boar),0,0,0
2443,5053,665,110,62,63,1.00,61,1.00,Sus scrofa (Wild boar),0,0,0
3105,5051,847,109,117,66,1.00,61,1.00,Sus scrofa (Wild boar),0,0,0
3255,5051,835,731,117,66,1.00,61,1.00,Sus scrofa (Wild boar),0,0,0
3637,5052,451,178,87,71,1.00,61,1.00,Sus scrofa (Wild boar),0,0,0
3727,5052,435,739,87,71,1.00,61,1.00,Sus scrofa (Wild boar),0,0,0
3753,5052,426,904,87,71,1.00,61,1.00,Sus scrofa (Wild boar),0,0,0
4257,5055,236,884,68,58,1.00,61,1.00,Sus scrofa (Wild boar),0,0,0
4297,5055,235,653,68,58,1.00,61,1.00,Sus scrofa (Wild boar),0,0,0
4733,5056,667,827,86,58,1.00,61,1.00,Sus scrofa (Wild boar),0,0,0
4913,5056,672,120,86,58,1.00,61,1.00,Sus scrofa (Wild boar),0,0,0
5167,5057,477,142,104,68,1.00,61,1.00,Sus scrofa (Wild boar),0,0,0
5305,5057,470,818,104,68,1.00,61,1.00,Sus scrofa (Wild boar),0,0,0
6714,5058,304,835,96,60,1.00,61,1.00,Sus scrofa (Wild boar),0,0,0
6874,5058,320,173,96,60,1.00,61,1.00,Sus scrofa (Wild boar),0,0,0
7171,5059,128,98,92,62,1.00,61,1.00,Sus scrofa (Wild boar),0,0,0
7221,5059,126,294,92,62,1.00,61,1.00,Sus scrofa (Wild boar),0,0,0
7331,5059,124,751,92,62,1.00,61,1.00,Sus scrofa (Wild boar),0,0,0
8952,5060,13,498,65,51,1.00,61,1.00,Sus scrofa (Wild boar),0,0,0
9042,5060,0,131,64,51,1.00,61,1.00,Sus scrofa (Wild boar),0,0,0
9626,5061,946,49,64,66,1.00,17,1.00,Capreolus capreolus (Roe deer),0,0,0
9656,5062,844,89,81,56,1.00,17,1.00,Capreolus capreolus (Roe deer),0,0,0
9701,5061,941,455,64,66,1.00,17,1.00,Capreolus capreolus (Roe deer),0,0,0
9796,5061,920,926,64,66,1.00,17,1.00,Capreolus capreolus (Roe deer),0,0,0
9814,5062,814,921,81,56,1.00,17,1.00,Capreolus capreolus (Roe deer),0,0,0
