177,1114,877,91,37,35,1.00,18,1.00,Homo sapiens (Human),0,2,0
177,1115,871,52,42,38,1.00,18,1.00,Homo sapiens (Human),0,2,0
190,1116,772,86,48,34,1.00,38,1.00,Canis lupus familiaris (Dog),0,2,0
197,1114,800,151,37,35,1.00,18,1.00,Homo sapiens (Human),0,2,0
197,1115,789,119,42,38,1.00,18,1.00,Homo sapiens (Human),0,2,0
210,1116,692,137,48,34,1.00,38,1.00,Canis lupus familiaris (Dog),0,2,0
227,1114,683,233,37,35,1.00,18,1.00,Homo sapiens (Human),0,2,0
227,1115,676,205,42,38,1.00,18,1.00,Homo sapiens (Human),0,2,0
230,1116,615,191,48,34,1.00,38,1.00,Canis lupus familiaris (Dog),0,2,0
257,1114,601,293,37,35,1.00,18,1.00,Homo sapiens (Human),0,2,0
257,1115,595,260,42,38,1.00,18,1.00,Homo sapiens (Human),0,2,0
260,1116,540,245,48,34,1.00,38,1.00,Canis lupus familiaris (Dog),0,2,0
267,1114,577,306,37,35,1.00,18,1.00,Homo sapiens (Human),0,2,0
267,1115,581,269,42,38,1.00,18,1.00,Homo sapiens (Human),0,2,0
268,1116,531,253,48,34,1.00,38,1.00,Canis lupus familiaris (Dog),0,2,0
287,1114,560,316,37,35,1.00,18,1.00,Homo sapiens (Human),0,2,0
287,1115,553,287,42,38,1.00,18,1.00,Homo sapiens (Human),0,2,0
296,1114,558,316,37,35,1.00,18,1.00,Homo sapiens (Human),0,2,0
296,1115,554,280,42,38,1.00,18,1.00,Homo sapiens (Human),0,2,0
316,1114,559,317,37,35,1.00,18,1.00,Homo sapiens (Human),0,2,0
316,1115,557,288,42,38,1.00,18,1.00,Homo sapiens (Human),0,2,0
336,1114,554,334,37,35,1.00,18,1.00,Homo sapiens (Human),0,2,0
336,1115,553,296,42,38,1.00,18,1.00,Homo sapiens (Human),0,2,0
340,1116,506,285,48,34,1.00,38,1.00,Canis lupus familiaris (Dog),0,2,0
356,1114,552,374,37,35,1.00,18,1.00,Homo sapiens (Human),0,2,0
356,1115,551,341,42,38,1.00,18,1.00,Homo sapiens (Human),0,2,0
366,1114,551,419,37,35,1.00,18,1.00,Homo sapiens (Human),0,2,0
366,1115,552,389,42,38,1.00,18,1.00,Homo sapiens (Human),0,2,0
367,1114,551,427,37,35,1.00,18,1.00,Homo sapiens (Human),0,2,0
367,1115,552,400,42,38,1.00,18,1.00,Homo sapiens (Human),0,2,0
370,1116,504,383,48,34,1.00,38,1.00,Canis lupus familiaris (Dog),0,2,0
397,1114,545,644,37,35,1.00,18,1.00,Homo sapiens (Human),0,2,0
397,1115,543,614,42,38,1.00,18,1.00,Homo sapiens (Human),0,2,0
400,1116,491,606,48,34,1.00,38,1.00,Canis lupus familiaris (Dog),0,2,0
417,1114,534,805,37,35,1.00,18,1.00,Homo sapiens (Human),0,2,0
417,1115,530,776,42,38,1.00,18,1.00,Homo sapiens (Human),0,2,0
437,1114,525,929,37,35,1.00,18,1.00,Homo sapiens (Human),0,2,0
437,1115,522,894,42,38,1.00,18,1.00,Homo sapiens (Human),0,2,0
475,1146,265,98,46,56,1.00,43,0.50,Sus scrofa (Wild boar),0,0,0
483,1146,270,175,46,56,1.00,43,0.50,Sus scrofa (Wild boar),0,0,0
483,1147,212,79,49,49,1.00,47,0.50,Sus scrofa (Wild boar),0,2,0
493,1146,267,244,46,56,1.00,43,0.50,Sus scrofa (Wild boar),0,0,0
495,1146,267,242,46,56,1.00,43,0.50,Sus scrofa (Wild boar),0,0,0
495,1147,218,157,49,61,1.00,47,0.50,Sus scrofa (Wild boar),0,2,0
497,1146,266,240,46,56,1.00,43,0.50,Sus scrofa (Wild boar),0,0,0
498,1146,267,252,46,56,1.00,43,0.50,Sus scrofa (Wild boar),0,0,0
498,1147,221,185,49,61,1.00,47,0.50,Sus scrofa (Wild boar),0,2,0
498,1148,123,55,32,47,1.00,44,1.00,Sus scrofa (Wild boar),0,1,0
499,1146,267,264,46,56,1.00,43,0.50,Sus scrofa (Wild boar),0,0,0
500,1146,266,276,46,56,1.00,43,0.50,Sus scrofa (Wild boar),0,0,0
502,1146,265,300,46,56,1.00,43,0.50,Sus scrofa (Wild boar),0,0,0
502,1147,216,218,49,61,1.00,47,0.50,Sus scrofa (Wild boar),0,2,0
502,1148,114,84,46,57,1.00,44,1.00,Sus scrofa (Wild boar),0,1,0
503,1146,264,312,46,56,1.00,43,0.50,Sus scrofa (Wild boar),0,0,0
505,1146,258,330,46,56,1.00,43,0.50,Sus scrofa (Wild boar),0,0,0
505,1147,218,243,49,61,1.00,47,0.50,Sus scrofa (Wild boar),0,2,0
505,1148,114,107,46,57,1.00,44,1.00,Sus scrofa (Wild boar),0,1,0
505,1149,135,61,40,56,1.00,48,1.00,Sus scrofa (Wild boar),1,2,0
505,1150,155,55,40,67,1.00,48,1.00,Sus scrofa (Wild boar),1,2,0
509,1146,263,350,46,56,1.00,43,0.50,Sus scrofa (Wild boar),0,0,0
509,1147,220,262,49,61,1.00,47,0.50,Sus scrofa (Wild boar),0,2,0
509,1148,114,122,46,57,1.00,44,1.00,Sus scrofa (Wild boar),0,1,0
509,1149,137,80,40,56,1.00,48,1.00,Sus scrofa (Wild boar),1,2,0
509,1150,161,82,40,67,1.00,48,1.00,Sus scrofa (Wild boar),1,2,0
509,1151,87,67,30,35,1.00,44,1.00,Sus scrofa (Wild boar),0,1,0
513,1146,263,371,46,56,1.00,43,0.50,Sus scrofa (Wild boar),0,0,0
513,1147,220,283,49,61,1.00,47,0.50,Sus scrofa (Wild boar),0,2,0
513,1148,114,143,46,57,1.00,44,1.00,Sus scrofa (Wild boar),0,1,0
513,1149,137,101,40,56,1.00,48,1.00,Sus scrofa (Wild boar),1,2,0
513,1150,158,101,40,67,1.00,48,1.00,Sus scrofa (Wild boar),1,2,0
513,1151,85,86,30,35,1.00,44,1.00,Sus scrofa (Wild boar),0,1,0
513,1152,125,79,38,34,1.00,44,1.00,Sus scrofa (Wild boar),0,1,0
516,1146,268,391,46,56,1.00,43,0.50,Sus scrofa (Wild boar),0,0,0
516,1147,225,303,49,61,1.00,47,0.50,Sus scrofa (Wild boar),0,2,0
516,1148,118,165,46,57,1.00,44,1.00,Sus scrofa (Wild boar),0,1,0
516,1149,136,128,40,56,1.00,48,1.00,Sus scrofa (Wild boar),1,2,0
516,1150,154,125,36,59,1.00,48,1.00,Sus scrofa (Wild boar),1,2,0
516,1151,87,103,30,35,1.00,44,1.00,Sus scrofa (Wild boar),0,1,0
516,1152,126,100,38,34,1.00,44,1.00,Sus scrofa (Wild boar),0,1,0
516,1153,50,81,32,36,1.00,44,1.00,Sus scrofa (Wild boar),0,1,0
518,1146,266,409,46,56,1.00,43,0.50,Sus scrofa (Wild boar),0,0,0
518,1147,223,321,49,61,1.00,47,0.50,Sus scrofa (Wild boar),0,2,0
518,1148,118,182,44,47,1.00,44,1.00,Sus scrofa (Wild boar),0,1,0
518,1149,137,143,40,56,1.00,48,1.00,Sus scrofa (Wild boar),1,2,0
518,1150,146,137,36,59,1.00,48,1.00,Sus scrofa (Wild boar),1,2,0
518,1151,83,116,30,35,1.00,44,1.00,Sus scrofa (Wild boar),0,1,0
518,1152,123,114,38,34,1.00,44,1.00,Sus scrofa (Wild boar),0,1,0
518,1153,55,92,32,36,1.00,44,1.00,Sus scrofa (Wild boar),0,1,0
520,1146,268,427,46,56,1.00,43,0.50,Sus scrofa (Wild boar),0,0,0
520,1147,225,339,49,61,1.00,47,0.50,Sus scrofa (Wild boar),0,2,0
520,1148,120,200,44,47,1.00,44,1.00,Sus scrofa (Wild boar),0,1,0
520,1149,139,161,40,56,1.00,48,1.00,Sus scrofa (Wild boar),1,2,0
520,1150,148,155,36,59,1.00,48,1.00,Sus scrofa (Wild boar),1,2,0
520,1151,83,137,30,35,1.00,44,1.00,Sus scrofa (Wild boar),0,1,0
520,1152,125,132,38,34,1.00,44,1.00,Sus scrofa (Wild boar),0,1,0
520,1153,52,111,32,36,1.00,44,1.00,Sus scrofa (Wild boar),0,1,0
520,1154,61,88,28,31,1.00,44,1.00,Sus scrofa (Wild boar),0,1,0
520,1155,87,79,27,31,1.00,44,1.00,Sus scrofa (Wild boar),0,1,0
523,1146,271,463,46,56,1.00,43,0.50,Sus scrofa (Wild boar),0,0,0
523,1147,227,365,49,61,1.00,47,0.50,Sus scrofa (Wild boar),0,2,0
523,1148,122,222,44,47,1.00,44,1.00,Sus scrofa (Wild boar),0,1,0
523,1149,134,188,40,56,1.00,48,1.00,Sus scrofa (Wild boar),1,2,0
523,1150,152,178,36,59,1.00,48,1.00,Sus scrofa (Wild boar),1,2,0
523,1151,84,157,30,35,1.00,44,1.00,Sus scrofa (Wild boar),0,1,0
523,1152,123,155,38,34,1.00,44,1.00,Sus scrofa (Wild boar),0,1,0
523,1153,54,132,32,36,1.00,44,1.00,Sus scrofa (Wild boar),0,1,0
523,1154,57,101,28,37,1.00,44,1.00,Sus scrofa (Wild boar),0,1,0
523,1155,89,95,25,41,1.00,44,1.00,Sus scrofa (Wild boar),0,1,0
529,1146,268,534,46,56,1.00,43,0.50,Sus scrofa (Wild boar),0,0,0
529,1148,121,275,44,47,1.00,44,1.00,Sus scrofa (Wild boar),0,1,0
529,1151,81,209,30,35,1.00,44,1.00,Sus scrofa (Wild boar),0,1,0
529,1153,54,175,32,36,1.00,44,1.00,Sus scrofa (Wild boar),0,1,0
529,1154,56,155,28,37,1.00,44,1.00,Sus scrofa (Wild boar),0,1,0
529,1155,87,145,25,41,1.00,44,1.00,Sus scrofa (Wild boar),0,1,0
533,1146,271,531,46,56,1.00,43,0.50,Sus scrofa (Wild boar),0,0,0
533,1147,227,433,49,61,1.00,47,0.50,Sus scrofa (Wild boar),0,2,0
533,1148,121,296,44,47,1.00,44,1.00,Sus scrofa (Wild boar),0,1,0
533,1149,137,264,40,56,1.00,48,1.00,Sus scrofa (Wild boar),1,2,0
533,1150,148,250,36,59,1.00,48,1.00,Sus scrofa (Wild boar),1,2,0
533,1151,82,228,30,35,1.00,44,1.00,Sus scrofa (Wild boar),0,1,0
533,1152,126,226,38,34,1.00,44,1.00,Sus scrofa (Wild boar),0,1,0
533,1153,54,200,32,36,1.00,44,1.00,Sus scrofa (Wild boar),0,1,0
533,1154,57,169,28,37,1.00,44,1.00,Sus scrofa (Wild boar),0,1,0
533,1155,86,167,25,41,1.00,44,1.00,Sus scrofa (Wild boar),0,1,0
533,1156,22,72,61,35,1.00,50,1.00,Sus scrofa (Wild boar),2,2,0
543,1146,266,592,46,56,1.00,43,0.50,Sus scrofa (Wild boar),0,0,0
543,1147,228,502,49,61,1.00,47,0.50,Sus scrofa (Wild boar),0,2,0
543,1148,122,359,44,47,1.00,44,1.00,Sus scrofa (Wild boar),0,1,0
543,1149,142,324,40,56,1.00,48,1.00,Sus scrofa (Wild boar),1,2,0
543,1150,142,300,36,59,1.00,48,1.00,Sus scrofa (Wild boar),1,2,0
543,1151,82,288,30,35,1.00,44,1.00,Sus scrofa (Wild boar),0,1,0
543,1152,126,287,38,34,1.00,44,1.00,Sus scrofa (Wild boar),0,1,0
543,1153,58,261,32,36,1.00,44,1.00,Sus scrofa (Wild boar),0,1,0
543,1154,60,225,28,37,1.00,44,1.00,Sus scrofa (Wild boar),0,1,0
543,1155,85,224,25,41,1.00,44,1.00,Sus scrofa (Wild boar),0,1,0
543,1156,18,114,69,55,1.00,50,1.00,Sus scrofa (Wild boar),2,2,0
543,1157,45,82,51,32,1.00,43,0.50,Sus scrofa (Wild boar),0,0,0
547,1147,223,530,49,61,1.00,47,0.50,Sus scrofa (Wild boar),0,2,0
547,1148,128,384,44,47,1.00,44,1.00,Sus scrofa (Wild boar),0,1,0
547,1149,144,351,40,56,1.00,48,1.00,Sus scrofa (Wild boar),1,2,0
547,1150,144,322,36,59,1.00,48,1.00,Sus scrofa (Wild boar),1,2,0
547,1151,78,317,30,35,1.00,44,1.00,Sus scrofa (Wild boar),0,1,0
547,1152,124,315,38,34,1.00,44,1.00,Sus scrofa (Wild boar),0,1,0
547,1153,55,291,32,36,1.00,44,1.00,Sus scrofa (Wild boar),0,1,0
547,1154,55,249,28,45,1.00,44,1.00,Sus scrofa (Wild boar),0,1,0
547,1155,83,247,25,41,1.00,44,1.00,Sus scrofa (Wild boar),0,1,0
547,1156,6,144,69,55,1.00,50,1.00,Sus scrofa (Wild boar),2,2,0
547,1157,34,103,51,32,1.00,43,0.50,Sus scrofa (Wild boar),0,0,0
547,1158,81,120,33,44,1.00,43,0.50,Sus scrofa (Wild boar),0,0,0
550,1147,227,547,49,61,1.00,47,0.50,Sus scrofa (Wild boar),0,2,0
550,1148,127,404,44,47,1.00,44,1.00,Sus scrofa (Wild boar),0,1,0
550,1149,146,369,40,56,1.00,48,1.00,Sus scrofa (Wild boar),1,2,0
550,1150,140,337,36,59,1.00,48,1.00,Sus scrofa (Wild boar),1,2,0
550,1151,81,338,30,35,1.00,44,1.00,Sus scrofa (Wild boar),0,1,0
550,1152,124,333,38,34,1.00,44,1.00,Sus scrofa (Wild boar),0,1,0
550,1153,64,303,32,36,1.00,44,1.00,Sus scrofa (Wild boar),0,1,0
550,1154,57,265,28,45,1.00,44,1.00,Sus scrofa (Wild boar),0,1,0
550,1155,83,266,25,41,1.00,44,1.00,Sus scrofa (Wild boar),0,1,0
550,1156,16,164,67,45,1.00,50,1.00,Sus scrofa (Wild boar),2,2,0
550,1157,34,123,51,32,1.00,43,0.50,Sus scrofa (Wild boar),0,0,0
550,1158,82,133,33,44,1.00,43,0.50,Sus scrofa (Wild boar),0,0,0
556,1147,232,600,49,61,1.00,47,0.50,Sus scrofa (Wild boar),0,2,0
556,1148,125,447,44,47,1.00,44,1.00,Sus scrofa (Wild boar),0,1,0
556,1149,149,414,40,56,1.00,48,1.00,Sus scrofa (Wild boar),1,2,0
556,1150,144,375,36,59,1.00,48,1.00,Sus scrofa (Wild boar),1,2,0
556,1151,82,377,30,35,1.00,44,1.00,Sus scrofa (Wild boar),0,1,0
556,1152,123,375,38,34,1.00,44,1.00,Sus scrofa (Wild boar),0,1,0
556,1153,57,345,46,38,1.00,44,1.00,Sus scrofa (Wild boar),0,1,0
556,1154,51,310,28,45,1.00,44,1.00,Sus scrofa (Wild boar),0,1,0
556,1155,81,305,25,41,1.00,44,1.00,Sus scrofa (Wild boar),0,1,0
556,1156,13,200,67,45,1.00,50,1.00,Sus scrofa (Wild boar),2,2,0
556,1157,34,162,51,32,1.00,43,0.50,Sus scrofa (Wild boar),0,0,0
556,1158,80,184,33,44,1.00,43,0.50,Sus scrofa (Wild boar),0,0,0
561,1147,233,636,49,61,1.00,47,0.50,Sus scrofa (Wild boar),0,2,0
561,1148,125,488,44,47,1.00,44,1.00,Sus scrofa (Wild boar),0,1,0
561,1149,148,454,40,56,1.00,48,1.00,Sus scrofa (Wild boar),1,2,0
561,1150,142,412,36,59,1.00,48,1.00,Sus scrofa (Wild boar),1,2,0
561,1151,76,415,30,35,1.00,44,1.00,Sus scrofa (Wild boar),0,1,0
561,1152,128,414,38,34,1.00,44,1.00,Sus scrofa (Wild boar),0,1,0
561,1153,58,383,46,38,1.00,44,1.00,Sus scrofa (Wild boar),0,1,0
561,1154,53,353,28,45,1.00,44,1.00,Sus scrofa (Wild boar),0,1,0
561,1155,80,341,25,41,1.00,44,1.00,Sus scrofa (Wild boar),0,1,0
561,1156,13,236,67,45,1.00,50,1.00,Sus scrofa (Wild boar),2,2,0
561,1157,33,201,51,32,1.00,43,0.50,Sus scrofa (Wild boar),0,0,0
561,1158,78,229,33,44,1.00,43,0.50,Sus scrofa (Wild boar),0,0,0
571,1147,237,709,49,61,1.00,47,0.50,Sus scrofa (Wild boar),0,2,0
571,1148,130,554,44,47,1.00,44,1.00,Sus scrofa (Wild boar),0,1,0
571,1149,153,530,40,56,1.00,48,1.00,Sus scrofa (Wild boar),1,2,0
571,1150,143,477,36,59,1.00,48,1.00,Sus scrofa (Wild boar),1,2,0
571,1151,80,486,30,35,1.00,44,1.00,Sus scrofa (Wild boar),0,1,0
571,1152,134,491,38,34,1.00,44,1.00,Sus scrofa (Wild boar),0,1,0
571,1153,65,452,46,38,1.00,44,1.00,Sus scrofa (Wild boar),0,1,0
571,1154,52,423,28,45,1.00,44,1.00,Sus scrofa (Wild boar),0,1,0
571,1155,79,407,25,41,1.00,44,1.00,Sus scrofa (Wild boar),0,1,0
571,1156,15,295,67,45,1.00,50,1.00,Sus scrofa (Wild boar),2,2,0
571,1157,32,263,51,32,1.00,43,0.50,Sus scrofa (Wild boar),0,0,0
571,1158,84,265,33,44,1.00,43,0.50,Sus scrofa (Wild boar),0,0,0
581,1147,231,786,49,61,1.00,47,0.50,Sus scrofa (Wild boar),0,2,0
581,1148,133,629,44,47,1.00,44,1.00,Sus scrofa (Wild boar),0,1,0
581,1149,152,600,40,56,1.00,48,1.00,Sus scrofa (Wild boar),1,2,0
581,1150,137,550,36,59,1.00,48,1.00,Sus scrofa (Wild boar),1,2,0
581,1151,82,555,30,35,1.00,44,1.00,Sus scrofa (Wild boar),0,1,0
581,1152,128,568,38,34,1.00,44,1.00,Sus scrofa (Wild boar),0,1,0
581,1153,67,525,46,38,1.00,44,1.00,Sus scrofa (Wild boar),0,1,0
581,1154,46,500,28,45,1.00,44,1.00,Sus scrofa (Wild boar),0,1,0
581,1155,79,484,25,41,1.00,44,1.00,Sus scrofa (Wild boar),0,1,0
581,1156,9,362,67,45,1.00,50,1.00,Sus scrofa (Wild boar),2,2,0
581,1157,32,330,51,32,1.00,43,0.50,Sus scrofa (Wild boar),0,0,0
581,1158,78,342,33,44,1.00,43,0.50,Sus scrofa (Wild boar),0,0,0
599,1147,229,903,49,61,1.00,47,0.50,Sus scrofa (Wild boar),0,2,0
601,1147,229,916,49,61,1.00,47,0.50,Sus scrofa (Wild boar),0,2,0
601,1148,135,751,44,47,1.00,44,1.00,Sus scrofa (Wild boar),0,1,0
601,1149,150,730,40,56,1.00,48,1.00,Sus scrofa (Wild boar),1,2,0
601,1150,134,655,36,59,1.00,48,1.00,Sus scrofa (Wild boar),1,2,0
601,1151,92,672,30,35,1.00,44,1.00,Sus scrofa (Wild boar),0,1,0
601,1152,126,698,38,34,1.00,44,1.00,Sus scrofa (Wild boar),0,1,0
601,1153,65,655,46,38,1.00,44,1.00,Sus scrofa (Wild boar),0,1,0
601,1154,44,630,28,45,1.00,44,1.00,Sus scrofa (Wild boar),0,1,0
601,1155,77,614,25,41,1.00,44,1.00,Sus scrofa (Wild boar),0,1,0
601,1156,7,491,67,45,1.00,50,1.00,Sus scrofa (Wild boar),2,2,0
601,1157,36,444,51,32,1.00,43,0.50,Sus scrofa (Wild boar),0,0,0
601,1158,62,468,33,44,1.00,43,0.50,Sus scrofa (Wild boar),0,0,0
604,1148,145,779,44,47,1.00,44,1.00,Sus scrofa (Wild boar),0,1,0
604,1149,158,748,40,56,1.00,48,1.00,Sus scrofa (Wild boar),1,2,0
604,1150,129,679,36,59,1.00,48,1.00,Sus scrofa (Wild boar),1,2,0
604,1151,91,694,30,35,1.00,44,1.00,Sus scrofa (Wild boar),0,1,0
604,1152,131,714,38,34,1.00,44,1.00,Sus scrofa (Wild boar),0,1,0
604,1153,67,670,46,38,1.00,44,1.00,Sus scrofa (Wild boar),0,1,0
604,1154,41,641,28,45,1.00,44,1.00,Sus scrofa (Wild boar),0,1,0
604,1155,70,623,25,41,1.00,44,1.00,Sus scrofa (Wild boar),0,1,0
604,1156,5,508,67,45,1.00,50,1.00,Sus scrofa (Wild boar),2,2,0
604,1157,30,463,51,32,1.00,43,0.50,Sus scrofa (Wild boar),0,0,0
604,1158,65,488,33,44,1.00,43,0.50,Sus scrofa (Wild boar),0,0,0
609,1148,144,802,44,47,1.00,44,1.00,Sus scrofa (Wild boar),0,1,0
609,1149,157,774,40,56,1.00,48,1.00,Sus scrofa (Wild boar),1,2,0
609,1150,129,711,36,59,1.00,48,1.00,Sus scrofa (Wild boar),1,2,0
609,1151,95,718,30,35,1.00,44,1.00,Sus scrofa (Wild boar),0,1,0
609,1152,132,748,38,34,1.00,44,1.00,Sus scrofa (Wild boar),0,1,0
609,1154,39,666,28,45,1.00,44,1.00,Sus scrofa (Wild boar),0,1,0
609,1156,0,527,67,45,1.00,50,1.00,Sus scrofa (Wild boar),2,2,0
609,1157,32,491,51,32,1.00,43,0.50,Sus scrofa (Wild boar),0,0,0
609,1158,63,512,33,44,1.00,43,0.50,Sus scrofa (Wild boar),0,0,0
614,1148,144,844,44,47,1.00,44,1.00,Sus scrofa (Wild boar),0,1,0
614,1149,157,813,40,56,1.00,48,1.00,Sus scrofa (Wild boar),1,2,0
614,1150,126,744,36,59,1.00,48,1.00,Sus scrofa (Wild boar),1,2,0
614,1152,131,787,38,34,1.00,44,1.00,Sus scrofa (Wild boar),0,1,0
614,1154,37,704,28,45,1.00,44,1.00,Sus scrofa (Wild boar),0,1,0
614,1156,0,568,67,45,1.00,50,1.00,Sus scrofa (Wild boar),2,2,0
614,1157,27,529,51,32,1.00,43,0.50,Sus scrofa (Wild boar),0,0,0
614,1158,61,549,33,44,1.00,43,0.50,Sus scrofa (Wild boar),0,0,0
624,1148,137,899,44,47,1.00,44,1.00,Sus scrofa (Wild boar),0,1,0
624,1149,158,867,40,56,1.00,48,1.00,Sus scrofa (Wild boar),1,2,0
624,1150,122,798,36,59,1.00,48,1.00,Sus scrofa (Wild boar),1,2,0
624,1152,124,847,38,34,1.00,44,1.00,Sus scrofa (Wild boar),0,1,0
624,1154,30,759,28,45,1.00,44,1.00,Sus scrofa (Wild boar),0,1,0
624,1156,0,624,48,45,1.00,50,1.00,Sus scrofa (Wild boar),2,2,0
624,1157,20,581,51,32,1.00,43,0.50,Sus scrofa (Wild boar),0,0,0
624,1158,54,604,33,44,1.00,43,0.50,Sus scrofa (Wild boar),0,0,0
629,1149,151,895,40,56,1.00,48,1.00,Sus scrofa (Wild boar),1,2,0
629,1150,121,828,36,59,1.00,48,1.00,Sus scrofa (Wild boar),1,2,0
629,1152,133,864,38,34,1.00,44,1.00,Sus scrofa (Wild boar),0,1,0
629,1156,0,655,44,45,1.00,50,1.00,Sus scrofa (Wild boar),2,2,0
629,1158,50,624,33,44,1.00,43,0.50,Sus scrofa (Wild boar),0,0,0
633,1150,120,850,36,59,1.00,48,1.00,Sus scrofa (Wild boar),1,2,0
633,1152,132,886,38,34,1.00,44,1.00,Sus scrofa (Wild boar),0,1,0
633,1156,0,677,43,45,1.00,50,1.00,Sus scrofa (Wild boar),2,2,0
633,1158,49,646,33,44,1.00,43,0.50,Sus scrofa (Wild boar),0,0,0
643,1150,127,909,36,59,1.00,48,1.00,Sus scrofa (Wild boar),1,2,0
643,1152,139,945,38,34,1.00,44,1.00,Sus scrofa (Wild boar),0,1,0
643,1156,0,736,50,45,1.00,50,1.00,Sus scrofa (Wild boar),2,2,0
656,1156,0,759,50,45,1.00,50,1.00,Sus scrofa (Wild boar),2,2,0
1080,1117,355,889,32,62,1.00,49,0.50,Sus scrofa (Wild boar),1,2,0
1089,1117,368,860,32,62,1.00,49,0.50,Sus scrofa (Wild boar),1,2,0
1089,1118,314,863,40,75,1.00,51,0.50,Sus scrofa (Wild boar),2,2,0
1109,1117,365,749,38,72,1.00,49,0.50,Sus scrofa (Wild boar),1,2,0
1109,1118,315,753,40,75,1.00,51,0.50,Sus scrofa (Wild boar),2,2,0
1115,1117,371,705,38,72,1.00,49,0.50,Sus scrofa (Wild boar),1,2,0
1115,1118,319,716,40,75,1.00,51,0.50,Sus scrofa (Wild boar),2,2,0
1115,1119,405,881,49,40,1.00,45,0.50,Sus scrofa (Wild boar),0,1,0
1121,1117,375,672,38,72,1.00,49,0.50,Sus scrofa (Wild boar),1,2,0
1121,1118,318,682,40,75,1.00,51,0.50,Sus scrofa (Wild boar),2,2,0
1121,1119,407,851,49,40,1.00,45,0.50,Sus scrofa (Wild boar),0,1,0
1121,1120,440,898,37,46,1.00,49,0.50,Sus scrofa (Wild boar),1,2,0
1131,1117,372,619,38,72,1.00,49,0.50,Sus scrofa (Wild boar),1,2,0
1131,1118,318,628,40,75,1.00,51,0.50,Sus scrofa (Wild boar),2,2,0
1131,1119,407,805,49,40,1.00,45,0.50,Sus scrofa (Wild boar),0,1,0
1131,1120,444,844,39,50,1.00,49,0.50,Sus scrofa (Wild boar),1,2,0
1131,1121,461,899,34,27,1.00,45,0.50,Sus scrofa (Wild boar),0,1,0
1141,1117,374,566,38,72,1.00,49,0.50,Sus scrofa (Wild boar),1,2,0
1141,1118,323,570,40,75,1.00,51,0.50,Sus scrofa (Wild boar),2,2,0
1141,1119,410,755,49,40,1.00,45,0.50,Sus scrofa (Wild boar),0,1,0
1141,1120,442,792,39,50,1.00,49,0.50,Sus scrofa (Wild boar),1,2,0
1141,1121,465,844,34,27,1.00,45,0.50,Sus scrofa (Wild boar),0,1,0
1141,1122,466,889,41,30,1.00,44,1.00,Sus scrofa (Wild boar),0,1,0
1144,1117,375,549,38,72,1.00,49,0.50,Sus scrofa (Wild boar),1,2,0
1144,1118,319,557,40,75,1.00,51,0.50,Sus scrofa (Wild boar),2,2,0
1144,1119,413,738,49,40,1.00,45,0.50,Sus scrofa (Wild boar),0,1,0
1144,1120,448,772,39,50,1.00,49,0.50,Sus scrofa (Wild boar),1,2,0
1144,1121,464,825,34,27,1.00,45,0.50,Sus scrofa (Wild boar),0,1,0
1144,1122,467,879,43,32,1.00,44,1.00,Sus scrofa (Wild boar),0,1,0
1144,1123,504,898,33,27,1.00,44,1.00,Sus scrofa (Wild boar),0,1,0
1144,1124,546,895,33,28,1.00,44,1.00,Sus scrofa (Wild boar),0,1,0
1151,1117,377,516,38,72,1.00,49,0.50,Sus scrofa (Wild boar),1,2,0
1151,1118,325,516,40,75,1.00,51,0.50,Sus scrofa (Wild boar),2,2,0
1151,1119,417,701,49,40,1.00,45,0.50,Sus scrofa (Wild boar),0,1,0
1151,1120,447,731,39,50,1.00,49,0.50,Sus scrofa (Wild boar),1,2,0
1151,1121,464,787,34,27,1.00,45,0.50,Sus scrofa (Wild boar),0,1,0
1151,1122,465,836,43,36,1.00,44,1.00,Sus scrofa (Wild boar),0,1,0
1151,1123,509,862,33,27,1.00,44,1.00,Sus scrofa (Wild boar),0,1,0
1151,1124,547,857,33,28,1.00,44,1.00,Sus scrofa (Wild boar),0,1,0
1151,1125,518,893,25,49,1.00,48,1.00,Sus scrofa (Wild boar),1,2,0
1159,1117,375,482,38,72,1.00,49,0.50,Sus scrofa (Wild boar),1,2,0
1159,1118,325,478,40,75,1.00,51,0.50,Sus scrofa (Wild boar),2,2,0
1159,1119,416,665,49,40,1.00,45,0.50,Sus scrofa (Wild boar),0,1,0
1159,1120,451,695,39,50,1.00,49,0.50,Sus scrofa (Wild boar),1,2,0
1159,1121,467,744,34,27,1.00,45,0.50,Sus scrofa (Wild boar),0,1,0
1159,1122,469,798,43,36,1.00,44,1.00,Sus scrofa (Wild boar),0,1,0
1159,1123,511,824,33,27,1.00,44,1.00,Sus scrofa (Wild boar),0,1,0
1159,1124,553,818,33,28,1.00,44,1.00,Sus scrofa (Wild boar),0,1,0
1159,1125,522,856,25,49,1.00,48,1.00,Sus scrofa (Wild boar),1,2,0
1159,1126,495,897,26,36,1.00,44,1.00,Sus scrofa (Wild boar),0,1,0
1169,1117,373,430,38,72,1.00,49,0.50,Sus scrofa (Wild boar),1,2,0
1169,1118,323,426,40,75,1.00,51,0.50,Sus scrofa (Wild boar),2,2,0
1169,1119,414,613,49,40,1.00,45,0.50,Sus scrofa (Wild boar),0,1,0
1169,1120,449,643,39,50,1.00,49,0.50,Sus scrofa (Wild boar),1,2,0
1169,1121,465,692,34,27,1.00,45,0.50,Sus scrofa (Wild boar),0,1,0
1169,1122,465,738,43,36,1.00,44,1.00,Sus scrofa (Wild boar),0,1,0
1169,1123,509,766,33,27,1.00,44,1.00,Sus scrofa (Wild boar),0,1,0
1169,1124,550,761,33,28,1.00,44,1.00,Sus scrofa (Wild boar),0,1,0
1169,1125,524,800,25,49,1.00,48,1.00,Sus scrofa (Wild boar),1,2,0
1169,1126,498,840,26,36,1.00,44,1.00,Sus scrofa (Wild boar),0,1,0
1169,1127,570,899,26,37,1.00,44,1.00,Sus scrofa (Wild boar),0,1,0
1175,1117,375,409,38,72,1.00,49,0.50,Sus scrofa (Wild boar),1,2,0
1175,1118,322,388,40,75,1.00,51,0.50,Sus scrofa (Wild boar),2,2,0
1175,1119,422,581,49,40,1.00,45,0.50,Sus scrofa (Wild boar),0,1,0
1175,1120,462,611,39,50,1.00,49,0.50,Sus scrofa (Wild boar),1,2,0
1175,1121,466,657,34,27,1.00,45,0.50,Sus scrofa (Wild boar),0,1,0
1175,1122,464,708,43,36,1.00,44,1.00,Sus scrofa (Wild boar),0,1,0
1175,1123,514,729,33,27,1.00,44,1.00,Sus scrofa (Wild boar),0,1,0
1175,1124,549,727,33,28,1.00,44,1.00,Sus scrofa (Wild boar),0,1,0
1175,1125,525,769,25,49,1.00,48,1.00,Sus scrofa (Wild boar),1,2,0
1175,1126,503,808,26,36,1.00,44,1.00,Sus scrofa (Wild boar),0,1,0
1175,1127,567,870,26,37,1.00,44,1.00,Sus scrofa (Wild boar),0,1,0
1175,1128,599,898,22,53,1.00,47,0.50,Sus scrofa (Wild boar),0,2,0
1177,1117,375,400,38,72,1.00,49,0.50,Sus scrofa (Wild boar),1,2,0
1177,1120,463,602,39,50,1.00,49,0.50,Sus scrofa (Wild boar),1,2,0
1193,1122,469,610,43,36,1.00,44,1.00,Sus scrofa (Wild boar),0,1,0
1193,1123,514,632,33,27,1.00,44,1.00,Sus scrofa (Wild boar),0,1,0
1193,1124,554,627,33,28,1.00,44,1.00,Sus scrofa (Wild boar),0,1,0
1193,1126,503,710,26,36,1.00,44,1.00,Sus scrofa (Wild boar),0,1,0
1193,1127,571,768,26,37,1.00,44,1.00,Sus scrofa (Wild boar),0,1,0
1195,1117,374,321,38,72,1.00,49,0.50,Sus scrofa (Wild boar),1,2,0
1195,1118,328,281,40,75,1.00,51,0.50,Sus scrofa (Wild boar),2,2,0
1195,1119,426,486,49,40,1.00,45,0.50,Sus scrofa (Wild boar),0,1,0
1195,1120,469,522,39,50,1.00,49,0.50,Sus scrofa (Wild boar),1,2,0
1195,1121,469,555,34,27,1.00,45,0.50,Sus scrofa (Wild boar),0,1,0
1195,1122,469,602,43,36,1.00,44,1.00,Sus scrofa (Wild boar),0,1,0
1195,1123,513,627,33,27,1.00,44,1.00,Sus scrofa (Wild boar),0,1,0
1195,1124,552,622,33,28,1.00,44,1.00,Sus scrofa (Wild boar),0,1,0
1195,1125,525,660,25,49,1.00,48,1.00,Sus scrofa (Wild boar),1,2,0
1195,1126,506,703,26,36,1.00,44,1.00,Sus scrofa (Wild boar),0,1,0
1195,1127,570,764,26,37,1.00,44,1.00,Sus scrofa (Wild boar),0,1,0
1195,1128,600,794,22,53,1.00,47,0.50,Sus scrofa (Wild boar),0,2,0
1209,1117,373,260,38,72,1.00,49,0.50,Sus scrofa (Wild boar),1,2,0
1209,1118,329,205,40,75,1.00,51,0.50,Sus scrofa (Wild boar),2,2,0
1209,1119,436,412,49,40,1.00,45,0.50,Sus scrofa (Wild boar),0,1,0
1209,1120,478,458,39,50,1.00,49,0.50,Sus scrofa (Wild boar),1,2,0
1209,1121,475,483,34,27,1.00,45,0.50,Sus scrofa (Wild boar),0,1,0
1209,1122,474,526,43,36,1.00,44,1.00,Sus scrofa (Wild boar),0,1,0
1209,1123,514,548,35,31,1.00,44,1.00,Sus scrofa (Wild boar),0,1,0
1209,1124,555,546,33,28,1.00,44,1.00,Sus scrofa (Wild boar),0,1,0
1209,1125,528,582,25,49,1.00,48,1.00,Sus scrofa (Wild boar),1,2,0
1209,1126,507,623,28,38,1.00,44,1.00,Sus scrofa (Wild boar),0,1,0
1209,1127,566,681,28,45,1.00,44,1.00,Sus scrofa (Wild boar),0,1,0
1209,1128,603,713,22,59,1.00,47,0.50,Sus scrofa (Wild boar),0,2,0
1209,1129,598,898,34,57,1.00,47,0.50,Sus scrofa (Wild boar),0,2,0
1220,1117,376,212,38,72,1.00,49,0.50,Sus scrofa (Wild boar),1,2,0
1220,1119,436,355,53,46,1.00,45,0.50,Sus scrofa (Wild boar),0,1,0
1220,1120,482,407,39,50,1.00,49,0.50,Sus scrofa (Wild boar),1,2,0
1220,1121,477,426,34,35,1.00,45,0.50,Sus scrofa (Wild boar),0,1,0
1220,1122,482,470,43,36,1.00,44,1.00,Sus scrofa (Wild boar),0,1,0
1220,1124,560,488,33,28,1.00,44,1.00,Sus scrofa (Wild boar),0,1,0
1220,1125,528,519,27,60,1.00,48,1.00,Sus scrofa (Wild boar),1,2,0
1220,1128,602,649,25,66,1.00,47,0.50,Sus scrofa (Wild boar),0,2,0
1229,1117,379,172,38,72,1.00,49,0.50,Sus scrofa (Wild boar),1,2,0
1229,1118,334,99,40,75,1.00,51,0.50,Sus scrofa (Wild boar),2,2,0
1229,1119,440,314,49,40,1.00,45,0.50,Sus scrofa (Wild boar),0,1,0
1229,1120,486,365,39,50,1.00,49,0.50,Sus scrofa (Wild boar),1,2,0
1229,1121,478,387,34,27,1.00,45,0.50,Sus scrofa (Wild boar),0,1,0
1229,1122,481,425,43,36,1.00,44,1.00,Sus scrofa (Wild boar),0,1,0
1229,1123,516,439,35,31,1.00,44,1.00,Sus scrofa (Wild boar),0,1,0
1229,1124,556,433,33,28,1.00,44,1.00,Sus scrofa (Wild boar),0,1,0
1229,1125,528,472,25,49,1.00,48,1.00,Sus scrofa (Wild boar),1,2,0
1229,1126,501,513,28,38,1.00,44,1.00,Sus scrofa (Wild boar),0,1,0
1229,1127,573,569,28,45,1.00,44,1.00,Sus scrofa (Wild boar),0,1,0
1229,1128,604,603,22,59,1.00,47,0.50,Sus scrofa (Wild boar),0,2,0
1229,1129,600,782,34,57,1.00,47,0.50,Sus scrofa (Wild boar),0,2,0
1234,1117,381,148,38,72,1.00,49,0.50,Sus scrofa (Wild boar),1,2,0
1234,1120,491,343,39,50,1.00,49,0.50,Sus scrofa (Wild boar),1,2,0
1239,1117,383,123,38,72,1.00,49,0.50,Sus scrofa (Wild boar),1,2,0
1239,1118,338,50,40,75,1.00,51,0.50,Sus scrofa (Wild boar),2,2,0
1239,1119,447,268,49,40,1.00,45,0.50,Sus scrofa (Wild boar),0,1,0
1239,1120,496,321,39,50,1.00,49,0.50,Sus scrofa (Wild boar),1,2,0
1239,1121,483,338,34,27,1.00,45,0.50,Sus scrofa (Wild boar),0,1,0
1239,1122,490,376,43,36,1.00,44,1.00,Sus scrofa (Wild boar),0,1,0
1239,1123,519,391,35,31,1.00,44,1.00,Sus scrofa (Wild boar),0,1,0
1239,1124,560,383,33,28,1.00,44,1.00,Sus scrofa (Wild boar),0,1,0
1239,1125,529,422,25,49,1.00,48,1.00,Sus scrofa (Wild boar),1,2,0
1239,1126,506,460,28,38,1.00,44,1.00,Sus scrofa (Wild boar),0,1,0
1239,1127,570,517,28,45,1.00,44,1.00,Sus scrofa (Wild boar),0,1,0
1239,1128,603,549,22,59,1.00,47,0.50,Sus scrofa (Wild boar),0,2,0
1239,1129,604,733,34,57,1.00,47,0.50,Sus scrofa (Wild boar),0,2,0
1247,1117,385,79,38,72,1.00,49,0.50,Sus scrofa (Wild boar),1,2,0
1247,1120,499,283,39,50,1.00,49,0.50,Sus scrofa (Wild boar),1,2,0
1259,1117,387,13,38,72,1.00,49,0.50,Sus scrofa (Wild boar),1,2,0
1259,1119,454,170,49,40,1.00,45,0.50,Sus scrofa (Wild boar),0,1,0
1259,1120,504,226,39,50,1.00,49,0.50,Sus scrofa (Wild boar),1,2,0
1259,1121,487,230,34,33,1.00,45,0.50,Sus scrofa (Wild boar),0,1,0
1259,1122,499,273,43,36,1.00,44,1.00,Sus scrofa (Wild boar),0,1,0
1259,1123,517,289,35,31,1.00,44,1.00,Sus scrofa (Wild boar),0,1,0
1259,1124,556,277,33,28,1.00,44,1.00,Sus scrofa (Wild boar),0,1,0
1259,1125,530,318,25,49,1.00,48,1.00,Sus scrofa (Wild boar),1,2,0
1259,1126,508,354,28,38,1.00,44,1.00,Sus scrofa (Wild boar),0,1,0
1259,1127,574,407,28,45,1.00,44,1.00,Sus scrofa (Wild boar),0,1,0
1259,1128,601,439,22,59,1.00,47,0.50,Sus scrofa (Wild boar),0,2,0
1259,1129,608,623,34,57,1.00,47,0.50,Sus scrofa (Wild boar),0,2,0
1269,1119,459,123,49,40,1.00,45,0.50,Sus scrofa (Wild boar),0,1,0
1269,1120,516,183,39,50,1.00,49,0.50,Sus scrofa (Wild boar),1,2,0
1269,1121,488,180,34,33,1.00,45,0.50,Sus scrofa (Wild boar),0,1,0
1269,1122,495,217,43,36,1.00,44,1.00,Sus scrofa (Wild boar),0,1,0
1269,1123,523,229,31,45,1.00,44,1.00,Sus scrofa (Wild boar),0,1,0
1269,1124,561,223,33,28,1.00,44,1.00,Sus scrofa (Wild boar),0,1,0
1269,1125,532,269,25,49,1.00,48,1.00,Sus scrofa (Wild boar),1,2,0
1269,1126,508,303,28,38,1.00,44,1.00,Sus scrofa (Wild boar),0,1,0
1269,1127,578,356,28,45,1.00,44,1.00,Sus scrofa (Wild boar),0,1,0
1269,1128,604,386,22,59,1.00,47,0.50,Sus scrofa (Wild boar),0,2,0
1269,1129,607,570,34,57,1.00,47,0.50,Sus scrofa (Wild boar),0,2,0
1279,1119,456,78,49,40,1.00,45,0.50,Sus scrofa (Wild boar),0,1,0
1279,1120,513,134,45,51,1.00,49,0.50,Sus scrofa (Wild boar),1,2,0
1279,1121,485,129,34,33,1.00,45,0.50,Sus scrofa (Wild boar),0,1,0
1279,1122,500,165,43,36,1.00,44,1.00,Sus scrofa (Wild boar),0,1,0
1279,1123,520,178,31,45,1.00,44,1.00,Sus scrofa (Wild boar),0,1,0
1279,1124,558,172,33,28,1.00,44,1.00,Sus scrofa (Wild boar),0,1,0
1279,1125,533,223,31,49,1.00,48,1.00,Sus scrofa (Wild boar),1,2,0
1279,1126,508,254,28,38,1.00,44,1.00,Sus scrofa (Wild boar),0,1,0
1279,1127,575,305,28,45,1.00,44,1.00,Sus scrofa (Wild boar),0,1,0
1279,1128,605,335,22,59,1.00,47,0.50,Sus scrofa (Wild boar),0,2,0
1279,1129,604,519,34,57,1.00,47,0.50,Sus scrofa (Wild boar),0,2,0
1289,1120,520,81,45,51,1.00,49,0.50,Sus scrofa (Wild boar),1,2,0
1289,1121,486,73,34,33,1.00,45,0.50,Sus scrofa (Wild boar),0,1,0
1289,1122,501,109,43,36,1.00,44,1.00,Sus scrofa (Wild boar),0,1,0
1289,1123,523,129,31,45,1.00,44,1.00,Sus scrofa (Wild boar),0,1,0
1289,1124,559,116,33,28,1.00,44,1.00,Sus scrofa (Wild boar),0,1,0
1289,1125,539,173,31,49,1.00,48,1.00,Sus scrofa (Wild boar),1,2,0
1289,1126,509,202,28,38,1.00,44,1.00,Sus scrofa (Wild boar),0,1,0
1289,1127,576,248,28,45,1.00,44,1.00,Sus scrofa (Wild boar),0,1,0
1289,1128,611,288,22,59,1.00,47,0.50,Sus scrofa (Wild boar),0,2,0
1289,1129,608,459,34,57,1.00,47,0.50,Sus scrofa (Wild boar),0,2,0
1292,1120,525,67,45,51,1.00,49,0.50,Sus scrofa (Wild boar),1,2,0
1292,1122,506,95,43,36,1.00,44,1.00,Sus scrofa (Wild boar),0,1,0
1292,1123,528,115,31,45,1.00,44,1.00,Sus scrofa (Wild boar),0,1,0
1292,1124,564,102,33,28,1.00,44,1.00,Sus scrofa (Wild boar),0,1,0
1292,1125,537,159,31,49,1.00,48,1.00,Sus scrofa (Wild boar),1,2,0
1292,1126,514,188,28,38,1.00,44,1.00,Sus scrofa (Wild boar),0,1,0
1292,1127,581,234,28,45,1.00,44,1.00,Sus scrofa (Wild boar),0,1,0
1292,1128,612,276,22,59,1.00,47,0.50,Sus scrofa (Wild boar),0,2,0
1292,1129,608,442,34,57,1.00,47,0.50,Sus scrofa (Wild boar),0,2,0
1296,1122,507,72,43,36,1.00,44,1.00,Sus scrofa (Wild boar),0,1,0
1296,1123,528,91,31,45,1.00,44,1.00,Sus scrofa (Wild boar),0,1,0
1296,1124,565,79,33,28,1.00,44,1.00,Sus scrofa (Wild boar),0,1,0
1296,1125,542,136,31,49,1.00,48,1.00,Sus scrofa (Wild boar),1,2,0
1296,1126,515,165,28,38,1.00,44,1.00,Sus scrofa (Wild boar),0,1,0
1296,1127,576,209,28,45,1.00,44,1.00,Sus scrofa (Wild boar),0,1,0
1296,1128,613,253,22,59,1.00,47,0.50,Sus scrofa (Wild boar),0,2,0
1296,1129,609,419,34,57,1.00,47,0.50,Sus scrofa (Wild boar),0,2,0
1304,1123,528,53,31,45,1.00,44,1.00,Sus scrofa (Wild boar),0,1,0
1304,1125,545,103,31,49,1.00,48,1.00,Sus scrofa (Wild boar),1,2,0
1304,1126,515,127,28,38,1.00,44,1.00,Sus scrofa (Wild boar),0,1,0
1304,1127,576,171,28,45,1.00,44,1.00,Sus scrofa (Wild boar),0,1,0
1304,1128,613,215,22,59,1.00,47,0.50,Sus scrofa (Wild boar),0,2,0
1304,1129,609,381,34,57,1.00,47,0.50,Sus scrofa (Wild boar),0,2,0
1311,1125,549,70,31,49,1.00,48,1.00,Sus scrofa (Wild boar),1,2,0
1311,1126,520,97,28,38,1.00,44,1.00,Sus scrofa (Wild boar),0,1,0
1311,1127,580,130,28,45,1.00,44,1.00,Sus scrofa (Wild boar),0,1,0
1311,1128,617,182,22,59,1.00,47,0.50,Sus scrofa (Wild boar),0,2,0
1311,1129,611,341,34,57,1.00,47,0.50,Sus scrofa (Wild boar),0,2,0
1316,1126,517,70,28,38,1.00,44,1.00,Sus scrofa (Wild boar),0,1,0
1316,1127,581,105,28,45,1.00,44,1.00,Sus scrofa (Wild boar),0,1,0
1316,1128,617,163,22,59,1.00,47,0.50,Sus scrofa (Wild boar),0,2,0
1316,1129,611,309,34,57,1.00,47,0.50,Sus scrofa (Wild boar),0,2,0
1323,1127,581,70,28,45,1.00,44,1.00,Sus scrofa (Wild boar),0,1,0
1323,1128,616,132,22,59,1.00,47,0.50,Sus scrofa (Wild boar),0,2,0
1323,1129,611,274,34,57,1.00,47,0.50,Sus scrofa (Wild boar),0,2,0
1334,1128,620,84,22,59,1.00,47,0.50,Sus scrofa (Wild boar),0,2,0
1334,1129,611,215,34,57,1.00,47,0.50,Sus scrofa (Wild boar),0,2,0
1340,1128,622,58,22,59,1.00,47,0.50,Sus scrofa (Wild boar),0,2,0
1340,1129,611,183,34,57,1.00,47,0.50,Sus scrofa (Wild boar),0,2,0
1362,1129,616,67,34,57,1.00,47,0.50,Sus scrofa (Wild boar),0,2,0
1366,1130,877,907,40,26,1.00,18,1.00,Homo sapiens (Human),0,2,0
1372,1130,880,873,46,42,1.00,18,1.00,Homo sapiens (Human),0,2,0
1372,1131,874,904,45,31,1.00,18,1.00,Homo sapiens (Human),0,2,0
1372,1132,844,888,33,38,1.00,38,1.00,Canis lupus familiaris (Dog),0,2,0
1382,1130,882,815,46,42,1.00,18,1.00,Homo sapiens (Human),0,2,0
1382,1131,869,846,49,41,1.00,18,1.00,Homo sapiens (Human),0,2,0
1382,1132,845,840,33,38,1.00,38,1.00,Canis lupus familiaris (Dog),0,2,0
1402,1130,876,705,46,42,1.00,18,1.00,Homo sapiens (Human),0,2,0
1402,1131,870,733,49,41,1.00,18,1.00,Homo sapiens (Human),0,2,0
1402,1132,840,721,33,38,1.00,38,1.00,Canis lupus familiaris (Dog),0,2,0
1422,1130,879,592,46,42,1.00,18,1.00,Homo sapiens (Human),0,2,0
1422,1131,873,615,49,41,1.00,18,1.00,Homo sapiens (Human),0,2,0
1422,1132,845,608,33,38,1.00,38,1.00,Canis lupus familiaris (Dog),0,2,0
1442,1130,877,489,46,42,1.00,18,1.00,Homo sapiens (Human),0,2,0
1442,1131,871,512,49,41,1.00,18,1.00,Homo sapiens (Human),0,2,0
1442,1132,835,493,35,46,1.00,38,1.00,Canis lupus familiaris (Dog),0,2,0
1462,1130,874,404,46,42,1.00,18,1.00,Homo sapiens (Human),0,2,0
1462,1131,871,427,49,41,1.00,18,1.00,Homo sapiens (Human),0,2,0
1462,1132,830,406,35,46,1.00,38,1.00,Canis lupus familiaris (Dog),0,2,0
1482,1130,877,338,46,42,1.00,18,1.00,Homo sapiens (Human),0,2,0
1482,1131,873,362,49,41,1.00,18,1.00,Homo sapiens (Human),0,2,0
1482,1132,839,334,35,46,1.00,38,1.00,Canis lupus familiaris (Dog),0,2,0
1502,1130,877,303,46,42,1.00,18,1.00,Homo sapiens (Human),0,2,0
1502,1131,874,332,49,41,1.00,18,1.00,Homo sapiens (Human),0,2,0
1502,1132,841,291,35,46,1.00,38,1.00,Canis lupus familiaris (Dog),0,2,0
1532,1130,878,282,46,42,1.00,18,1.00,Homo sapiens (Human),0,2,0
1532,1131,876,313,49,41,1.00,18,1.00,Homo sapiens (Human),0,2,0
1532,1132,865,256,35,46,1.00,38,1.00,Canis lupus familiaris (Dog),0,2,0
1562,1130,875,281,46,42,1.00,18,1.00,Homo sapiens (Human),0,2,0
1562,1131,871,311,49,41,1.00,18,1.00,Homo sapiens (Human),0,2,0
1562,1132,866,247,35,46,1.00,38,1.00,Canis lupus familiaris (Dog),0,2,0
1592,1130,905,284,46,42,1.00,18,1.00,Homo sapiens (Human),0,2,0
1592,1131,896,305,49,41,1.00,18,1.00,Homo sapiens (Human),0,2,0
1592,1132,894,241,47,44,1.00,38,1.00,Canis lupus familiaris (Dog),0,2,0
1622,1130,1017,281,7,42,1.00,18,1.00,Homo sapiens (Human),0,2,0
1622,1131,1008,302,16,41,1.00,18,1.00,Homo sapiens (Human),0,2,0
1622,1132,1006,238,18,44,1.00,38,1.00,Canis lupus familiaris (Dog),0,2,0
1852,1133,860,50,40,59,1.00,48,1.00,Sus scrofa (Wild boar),1,2,0
1863,1133,856,102,48,69,1.00,49,0.50,Sus scrofa (Wild boar),1,2,0
1863,1134,984,29,39,66,1.00,49,0.50,Sus scrofa (Wild boar),1,2,0
1883,1133,847,208,48,69,1.00,49,0.50,Sus scrofa (Wild boar),1,2,0
1883,1134,987,138,37,66,1.00,49,0.50,Sus scrofa (Wild boar),1,2,0
1883,1135,950,44,30,52,1.00,45,0.50,Sus scrofa (Wild boar),0,1,0
1893,1133,849,262,48,69,1.00,49,0.50,Sus scrofa (Wild boar),1,2,0
1893,1134,990,184,34,66,1.00,49,0.50,Sus scrofa (Wild boar),1,2,0
1893,1135,954,91,30,52,1.00,45,0.50,Sus scrofa (Wild boar),0,1,0
1893,1136,878,51,40,54,1.00,44,1.00,Sus scrofa (Wild boar),0,1,0
1900,1133,849,297,48,69,1.00,49,0.50,Sus scrofa (Wild boar),1,2,0
1900,1134,990,219,34,66,1.00,49,0.50,Sus scrofa (Wild boar),1,2,0
1900,1135,954,126,30,52,1.00,45,0.50,Sus scrofa (Wild boar),0,1,0
1900,1136,880,93,40,54,1.00,44,1.00,Sus scrofa (Wild boar),0,1,0
1900,1137,918,52,35,43,1.00,45,0.50,Sus scrofa (Wild boar),0,1,0
1910,1133,849,354,48,69,1.00,49,0.50,Sus scrofa (Wild boar),1,2,0
1910,1134,990,276,34,66,1.00,49,0.50,Sus scrofa (Wild boar),1,2,0
1910,1135,954,183,30,52,1.00,45,0.50,Sus scrofa (Wild boar),0,1,0
1910,1136,880,150,40,54,1.00,44,1.00,Sus scrofa (Wild boar),0,1,0
1910,1137,915,108,35,43,1.00,45,0.50,Sus scrofa (Wild boar),0,1,0
1910,1138,959,86,35,47,1.00,45,0.50,Sus scrofa (Wild boar),0,1,0
1910,1139,907,50,33,53,1.00,44,1.00,Sus scrofa (Wild boar),0,1,0
1916,1133,853,387,48,69,1.00,49,0.50,Sus scrofa (Wild boar),1,2,0
1916,1134,994,309,30,66,1.00,49,0.50,Sus scrofa (Wild boar),1,2,0
1916,1135,958,216,30,52,1.00,45,0.50,Sus scrofa (Wild boar),0,1,0
1916,1136,884,176,40,54,1.00,44,1.00,Sus scrofa (Wild boar),0,1,0
1916,1137,916,145,35,43,1.00,45,0.50,Sus scrofa (Wild boar),0,1,0
1916,1138,963,119,35,47,1.00,45,0.50,Sus scrofa (Wild boar),0,1,0
1916,1139,912,86,33,53,1.00,44,1.00,Sus scrofa (Wild boar),0,1,0
1916,1140,925,53,32,52,1.00,44,1.00,Sus scrofa (Wild boar),0,1,0
1926,1133,854,437,48,69,1.00,49,0.50,Sus scrofa (Wild boar),1,2,0
1926,1134,995,359,29,66,1.00,49,0.50,Sus scrofa (Wild boar),1,2,0
1926,1135,958,274,30,52,1.00,45,0.50,Sus scrofa (Wild boar),0,1,0
1926,1136,885,226,40,54,1.00,44,1.00,Sus scrofa (Wild boar),0,1,0
1926,1137,918,191,35,43,1.00,45,0.50,Sus scrofa (Wild boar),0,1,0
1926,1138,963,176,35,47,1.00,45,0.50,Sus scrofa (Wild boar),0,1,0
1926,1139,910,135,33,53,1.00,44,1.00,Sus scrofa (Wild boar),0,1,0
1926,1140,921,110,32,52,1.00,44,1.00,Sus scrofa (Wild boar),0,1,0
1926,1141,917,45,34,54,1.00,48,1.00,Sus scrofa (Wild boar),1,2,0
1936,1133,851,488,48,69,1.00,49,0.50,Sus scrofa (Wild boar),1,2,0
1936,1134,992,410,32,66,1.00,49,0.50,Sus scrofa (Wild boar),1,2,0
1936,1135,953,322,30,52,1.00,45,0.50,Sus scrofa (Wild boar),0,1,0
1936,1136,882,277,40,54,1.00,44,1.00,Sus scrofa (Wild boar),0,1,0
1936,1137,918,243,35,43,1.00,45,0.50,Sus scrofa (Wild boar),0,1,0
1936,1138,956,231,35,47,1.00,45,0.50,Sus scrofa (Wild boar),0,1,0
1936,1139,907,186,33,53,1.00,44,1.00,Sus scrofa (Wild boar),0,1,0
1936,1140,918,161,32,52,1.00,44,1.00,Sus scrofa (Wild boar),0,1,0
1936,1141,914,101,34,54,1.00,48,1.00,Sus scrofa (Wild boar),1,2,0
1936,1142,877,73,40,51,1.00,48,1.00,Sus scrofa (Wild boar),1,2,0
1936,1143,911,62,27,39,1.00,44,1.00,Sus scrofa (Wild boar),0,1,0
1939,1133,856,505,48,69,1.00,49,0.50,Sus scrofa (Wild boar),1,2,0
1939,1134,997,427,27,66,1.00,49,0.50,Sus scrofa (Wild boar),1,2,0
1939,1135,958,339,30,52,1.00,45,0.50,Sus scrofa (Wild boar),0,1,0
1939,1136,887,294,40,54,1.00,44,1.00,Sus scrofa (Wild boar),0,1,0
1939,1137,917,262,35,43,1.00,45,0.50,Sus scrofa (Wild boar),0,1,0
1939,1138,953,254,35,47,1.00,45,0.50,Sus scrofa (Wild boar),0,1,0
1939,1139,912,206,33,53,1.00,44,1.00,Sus scrofa (Wild boar),0,1,0
1939,1140,923,178,32,52,1.00,44,1.00,Sus scrofa (Wild boar),0,1,0
1939,1141,918,124,34,54,1.00,48,1.00,Sus scrofa (Wild boar),1,2,0
1939,1142,882,90,40,51,1.00,48,1.00,Sus scrofa (Wild boar),1,2,0
1939,1143,914,86,27,39,1.00,44,1.00,Sus scrofa (Wild boar),0,1,0
1939,1144,885,65,36,29,1.00,44,1.00,Sus scrofa (Wild boar),0,1,0
1949,1133,853,554,48,69,1.00,49,0.50,Sus scrofa (Wild boar),1,2,0
1949,1134,994,487,30,66,1.00,49,0.50,Sus scrofa (Wild boar),1,2,0
1949,1135,955,388,30,52,1.00,45,0.50,Sus scrofa (Wild boar),0,1,0
1949,1136,884,343,40,54,1.00,44,1.00,Sus scrofa (Wild boar),0,1,0
1949,1137,914,311,35,43,1.00,45,0.50,Sus scrofa (Wild boar),0,1,0
1949,1138,950,303,35,47,1.00,45,0.50,Sus scrofa (Wild boar),0,1,0
1949,1139,909,255,33,53,1.00,44,1.00,Sus scrofa (Wild boar),0,1,0
1949,1140,920,227,32,52,1.00,44,1.00,Sus scrofa (Wild boar),0,1,0
1949,1141,915,173,34,54,1.00,48,1.00,Sus scrofa (Wild boar),1,2,0
1949,1142,879,145,40,51,1.00,48,1.00,Sus scrofa (Wild boar),1,2,0
1949,1143,915,138,27,39,1.00,44,1.00,Sus scrofa (Wild boar),0,1,0
1949,1144,881,115,36,39,1.00,44,1.00,Sus scrofa (Wild boar),0,1,0
1959,1133,857,606,48,69,1.00,49,0.50,Sus scrofa (Wild boar),1,2,0
1959,1134,992,533,32,66,1.00,49,0.50,Sus scrofa (Wild boar),1,2,0
1959,1135,959,440,30,52,1.00,45,0.50,Sus scrofa (Wild boar),0,1,0
1959,1136,888,395,40,54,1.00,44,1.00,Sus scrofa (Wild boar),0,1,0
1959,1137,918,363,35,43,1.00,45,0.50,Sus scrofa (Wild boar),0,1,0
1959,1138,947,365,35,47,1.00,45,0.50,Sus scrofa (Wild boar),0,1,0
1959,1139,909,308,33,53,1.00,44,1.00,Sus scrofa (Wild boar),0,1,0
1959,1140,923,284,32,52,1.00,44,1.00,Sus scrofa (Wild boar),0,1,0
1959,1141,915,241,34,54,1.00,48,1.00,Sus scrofa (Wild boar),1,2,0
1959,1142,884,202,40,51,1.00,48,1.00,Sus scrofa (Wild boar),1,2,0
1959,1143,919,197,27,39,1.00,44,1.00,Sus scrofa (Wild boar),0,1,0
1959,1144,885,167,36,39,1.00,44,1.00,Sus scrofa (Wild boar),0,1,0
1979,1133,854,716,48,69,1.00,49,0.50,Sus scrofa (Wild boar),1,2,0
1979,1134,989,643,35,66,1.00,49,0.50,Sus scrofa (Wild boar),1,2,0
1979,1135,956,550,30,52,1.00,45,0.50,Sus scrofa (Wild boar),0,1,0
1979,1136,885,505,40,54,1.00,44,1.00,Sus scrofa (Wild boar),0,1,0
1979,1137,915,473,35,43,1.00,45,0.50,Sus scrofa (Wild boar),0,1,0
1979,1138,947,475,35,47,1.00,45,0.50,Sus scrofa (Wild boar),0,1,0
1979,1139,908,416,33,53,1.00,44,1.00,Sus scrofa (Wild boar),0,1,0
1979,1140,924,397,32,52,1.00,44,1.00,Sus scrofa (Wild boar),0,1,0
1979,1141,915,352,34,54,1.00,48,1.00,Sus scrofa (Wild boar),1,2,0
1979,1142,884,315,40,51,1.00,48,1.00,Sus scrofa (Wild boar),1,2,0
1979,1143,918,308,27,39,1.00,44,1.00,Sus scrofa (Wild boar),0,1,0
1979,1144,891,284,36,39,1.00,44,1.00,Sus scrofa (Wild boar),0,1,0
1991,1133,857,779,48,69,1.00,49,0.50,Sus scrofa (Wild boar),1,2,0
1991,1134,995,706,29,66,1.00,49,0.50,Sus scrofa (Wild boar),1,2,0
1991,1135,959,612,30,52,1.00,45,0.50,Sus scrofa (Wild boar),0,1,0
1991,1136,886,564,40,54,1.00,44,1.00,Sus scrofa (Wild boar),0,1,0
1991,1137,919,531,35,43,1.00,45,0.50,Sus scrofa (Wild boar),0,1,0
1991,1138,947,540,35,47,1.00,45,0.50,Sus scrofa (Wild boar),0,1,0
1991,1139,913,475,33,53,1.00,44,1.00,Sus scrofa (Wild boar),0,1,0
1991,1140,925,467,32,52,1.00,44,1.00,Sus scrofa (Wild boar),0,1,0
1991,1141,915,416,34,54,1.00,48,1.00,Sus scrofa (Wild boar),1,2,0
1991,1142,887,380,40,51,1.00,48,1.00,Sus scrofa (Wild boar),1,2,0
1991,1143,922,374,27,39,1.00,44,1.00,Sus scrofa (Wild boar),0,1,0
1991,1144,893,348,36,39,1.00,44,1.00,Sus scrofa (Wild boar),0,1,0
1991,1145,718,61,39,53,1.00,50,1.00,Sus scrofa (Wild boar),2,2,0
2013,1133,859,898,48,69,1.00,49,0.50,Sus scrofa (Wild boar),1,2,0
2013,1134,997,825,27,66,1.00,49,0.50,Sus scrofa (Wild boar),1,2,0
2013,1135,961,731,30,52,1.00,45,0.50,Sus scrofa (Wild boar),0,1,0
2013,1136,888,683,40,54,1.00,44,1.00,Sus scrofa (Wild boar),0,1,0
2013,1137,921,650,35,43,1.00,45,0.50,Sus scrofa (Wild boar),0,1,0
2013,1138,949,659,35,47,1.00,45,0.50,Sus scrofa (Wild boar),0,1,0
2013,1139,915,594,33,53,1.00,44,1.00,Sus scrofa (Wild boar),0,1,0
2013,1140,935,593,32,52,1.00,44,1.00,Sus scrofa (Wild boar),0,1,0
2013,1141,917,535,34,54,1.00,48,1.00,Sus scrofa (Wild boar),1,2,0
2013,1142,889,499,40,51,1.00,48,1.00,Sus scrofa (Wild boar),1,2,0
2013,1143,924,490,27,39,1.00,44,1.00,Sus scrofa (Wild boar),0,1,0
2013,1144,895,467,36,39,1.00,44,1.00,Sus scrofa (Wild boar),0,1,0
2013,1145,720,188,39,53,1.00,50,1.00,Sus scrofa (Wild boar),2,2,0
2028,1134,1000,885,24,66,1.00,49,0.50,Sus scrofa (Wild boar),1,2,0
2028,1135,962,811,30,52,1.00,45,0.50,Sus scrofa (Wild boar),0,1,0
2028,1136,886,761,40,54,1.00,44,1.00,Sus scrofa (Wild boar),0,1,0
2028,1137,922,741,35,43,1.00,45,0.50,Sus scrofa (Wild boar),0,1,0
2028,1138,948,750,35,47,1.00,45,0.50,Sus scrofa (Wild boar),0,1,0
2028,1139,915,676,33,53,1.00,44,1.00,Sus scrofa (Wild boar),0,1,0
2028,1140,943,679,32,52,1.00,44,1.00,Sus scrofa (Wild boar),0,1,0
2028,1141,916,615,34,54,1.00,48,1.00,Sus scrofa (Wild boar),1,2,0
2028,1142,892,581,40,51,1.00,48,1.00,Sus scrofa (Wild boar),1,2,0
2028,1143,922,580,27,39,1.00,44,1.00,Sus scrofa (Wild boar),0,1,0
2028,1144,902,558,36,39,1.00,44,1.00,Sus scrofa (Wild boar),0,1,0
2028,1145,720,274,45,61,1.00,50,1.00,Sus scrofa (Wild boar),2,2,0
2048,1135,967,926,30,52,1.00,45,0.50,Sus scrofa (Wild boar),0,1,0
2048,1136,886,871,40,54,1.00,44,1.00,Sus scrofa (Wild boar),0,1,0
2048,1137,925,859,35,43,1.00,45,0.50,Sus scrofa (Wild boar),0,1,0
2048,1138,948,873,35,47,1.00,45,0.50,Sus scrofa (Wild boar),0,1,0
2048,1139,920,784,33,53,1.00,44,1.00,Sus scrofa (Wild boar),0,1,0
2048,1140,951,805,32,52,1.00,44,1.00,Sus scrofa (Wild boar),0,1,0
2048,1141,922,728,34,54,1.00,48,1.00,Sus scrofa (Wild boar),1,2,0
2048,1142,896,690,40,51,1.00,48,1.00,Sus scrofa (Wild boar),1,2,0
2048,1143,925,685,27,39,1.00,44,1.00,Sus scrofa (Wild boar),0,1,0
2048,1144,907,668,36,39,1.00,44,1.00,Sus scrofa (Wild boar),0,1,0
2048,1145,731,392,45,61,1.00,50,1.00,Sus scrofa (Wild boar),2,2,0
2058,1136,884,925,40,54,1.00,44,1.00,Sus scrofa (Wild boar),0,1,0
2058,1137,923,913,35,43,1.00,45,0.50,Sus scrofa (Wild boar),0,1,0
2058,1138,946,927,35,47,1.00,45,0.50,Sus scrofa (Wild boar),0,1,0
2058,1139,916,835,33,53,1.00,44,1.00,Sus scrofa (Wild boar),0,1,0
2058,1140,950,865,32,52,1.00,44,1.00,Sus scrofa (Wild boar),0,1,0
2058,1141,923,772,34,54,1.00,48,1.00,Sus scrofa (Wild boar),1,2,0
2058,1142,893,742,40,51,1.00,48,1.00,Sus scrofa (Wild boar),1,2,0
2058,1143,927,742,27,39,1.00,44,1.00,Sus scrofa (Wild boar),0,1,0
2058,1144,911,719,36,39,1.00,44,1.00,Sus scrofa (Wild boar),0,1,0
2058,1145,736,449,45,61,1.00,50,1.00,Sus scrofa (Wild boar),2,2,0
2068,1139,916,884,33,53,1.00,44,1.00,Sus scrofa (Wild boar),0,1,0
2068,1140,953,921,32,52,1.00,44,1.00,Sus scrofa (Wild boar),0,1,0
2068,1141,921,826,34,54,1.00,48,1.00,Sus scrofa (Wild boar),1,2,0
2068,1142,898,793,40,51,1.00,48,1.00,Sus scrofa (Wild boar),1,2,0
2068,1143,930,798,27,39,1.00,44,1.00,Sus scrofa (Wild boar),0,1,0
2068,1144,914,775,36,39,1.00,44,1.00,Sus scrofa (Wild boar),0,1,0
2068,1145,739,505,45,61,1.00,50,1.00,Sus scrofa (Wild boar),2,2,0
2078,1139,914,944,33,53,1.00,44,1.00,Sus scrofa (Wild boar),0,1,0
2078,1141,919,886,34,54,1.00,48,1.00,Sus scrofa (Wild boar),1,2,0
2078,1142,896,853,40,51,1.00,48,1.00,Sus scrofa (Wild boar),1,2,0
2078,1143,928,858,27,39,1.00,44,1.00,Sus scrofa (Wild boar),0,1,0
2078,1144,912,835,36,39,1.00,44,1.00,Sus scrofa (Wild boar),0,1,0
2078,1145,747,573,45,61,1.00,50,1.00,Sus scrofa (Wild boar),2,2,0
2086,1141,919,920,34,54,1.00,48,1.00,Sus scrofa (Wild boar),1,2,0
2086,1142,896,887,40,51,1.00,48,1.00,Sus scrofa (Wild boar),1,2,0
2086,1143,928,892,27,39,1.00,44,1.00,Sus scrofa (Wild boar),0,1,0
2086,1144,912,869,36,39,1.00,44,1.00,Sus scrofa (Wild boar),0,1,0
2086,1145,750,609,45,61,1.00,50,1.00,Sus scrofa (Wild boar),2,2,0
2095,1142,903,949,40,51,1.00,48,1.00,Sus scrofa (Wild boar),1,2,0
2095,1143,935,954,27,39,1.00,44,1.00,Sus scrofa (Wild boar),0,1,0
2095,1144,919,931,36,39,1.00,44,1.00,Sus scrofa (Wild boar),0,1,0
2095,1145,757,671,45,61,1.00,50,1.00,Sus scrofa (Wild boar),2,2,0
2115,1145,768,790,45,61,1.00,50,1.00,Sus scrofa (Wild boar),2,2,0
2135,1145,771,907,45,61,1.00,50,1.00,Sus scrofa (Wild boar),2,2,0
