21,1255,568,440,45,41,1.00,23,1.00,Homo sapiens (Human),2,2,0
34,1255,568,440,45,41,1.00,23,1.00,Homo sapiens (Human),2,2,0
54,1255,575,444,45,41,1.00,23,1.00,Homo sapiens (Human),2,2,0
75,1255,595,484,45,41,1.00,23,1.00,Homo sapiens (Human),2,2,0
81,1255,605,499,45,41,1.00,23,1.00,Homo sapiens (Human),2,2,0
85,1255,607,508,45,41,1.00,23,1.00,Homo sapiens (Human),2,2,0
106,1255,652,595,45,41,1.00,23,1.00,Homo sapiens (Human),2,2,0
140,1255,730,733,45,41,1.00,23,1.00,Homo sapiens (Human),2,2,0
145,1255,739,746,45,41,1.00,23,1.00,Homo sapiens (Human),2,2,0
149,1255,749,760,45,41,1.00,23,1.00,Homo sapiens (Human),2,2,0
154,1255,759,783,45,41,1.00,23,1.00,Homo sapiens (Human),2,2,0
157,1255,757,790,45,41,1.00,23,1.00,Homo sapiens (Human),2,2,0
160,1255,774,812,45,41,1.00,23,1.00,Homo sapiens (Human),2,2,0
164,1255,760,786,45,41,1.00,23,1.00,Homo sapiens (Human),2,2,0
165,1255,762,791,45,41,1.00,23,1.00,Homo sapiens (Human),2,2,0
166,1255,816,883,45,41,1.00,23,1.00,Homo sapiens (Human),2,2,0
170,1255,829,900,45,41,1.00,23,1.00,Homo sapiens (Human),2,2,0
4490,1229,0,478,33,38,1.00,6,0.50,Cervus elaphus (Red deer),0,2,0
4500,1224,1,400,41,36,1.00,7,1.00,Cervus elaphus (Red deer),1,2,0
4500,1228,0,461,31,30,1.00,1,1.00,Cervus elaphus (Red deer),0,0,0
4500,1229,17,505,48,38,1.00,6,0.50,Cervus elaphus (Red deer),0,2,0
4500,1230,0,152,1,33,1.00,5,1.00,Cervus elaphus (Red deer),0,2,0
4510,1224,35,429,41,36,1.00,7,1.00,Cervus elaphus (Red deer),1,2,0
4510,1227,0,456,27,33,1.00,3,1.00,Cervus elaphus (Red deer),0,1,0
4510,1228,25,490,40,30,1.00,1,1.00,Cervus elaphus (Red deer),0,0,0
4510,1229,51,534,48,38,1.00,6,0.50,Cervus elaphus (Red deer),0,2,0
4510,1230,0,181,35,33,1.00,5,1.00,Cervus elaphus (Red deer),0,2,0
4522,1224,75,468,41,36,1.00,7,1.00,Cervus elaphus (Red deer),1,2,0
4522,1226,0,469,28,39,1.00,7,1.00,Cervus elaphus (Red deer),1,2,0
4522,1227,26,495,37,33,1.00,3,1.00,Cervus elaphus (Red deer),0,1,0
4522,1228,61,529,40,30,1.00,1,1.00,Cervus elaphus (Red deer),0,0,0
4522,1229,87,573,48,38,1.00,6,0.50,Cervus elaphus (Red deer),0,2,0
4522,1230,39,224,46,33,1.00,5,1.00,Cervus elaphus (Red deer),0,2,0
4532,1224,105,496,41,36,1.00,7,1.00,Cervus elaphus (Red deer),1,2,0
4532,1225,0,449,26,47,1.00,7,1.00,Cervus elaphus (Red deer),1,2,0
4532,1226,13,494,49,39,1.00,7,1.00,Cervus elaphus (Red deer),1,2,0
4532,1227,60,520,37,33,1.00,3,1.00,Cervus elaphus (Red deer),0,1,0
4532,1228,95,554,40,30,1.00,1,1.00,Cervus elaphus (Red deer),0,0,0
4532,1229,121,598,48,38,1.00,6,0.50,Cervus elaphus (Red deer),0,2,0
4532,1230,70,254,46,33,1.00,5,1.00,Cervus elaphus (Red deer),0,2,0
4542,1223,0,472,21,43,1.00,7,1.00,Cervus elaphus (Red deer),1,2,0
4542,1224,137,523,41,36,1.00,7,1.00,Cervus elaphus (Red deer),1,2,0
4542,1225,21,476,37,47,1.00,7,1.00,Cervus elaphus (Red deer),1,2,0
4542,1226,45,521,49,39,1.00,7,1.00,Cervus elaphus (Red deer),1,2,0
4542,1227,92,547,37,33,1.00,3,1.00,Cervus elaphus (Red deer),0,1,0
4542,1228,127,581,40,30,1.00,1,1.00,Cervus elaphus (Red deer),0,0,0
4542,1229,154,627,48,38,1.00,6,0.50,Cervus elaphus (Red deer),0,2,0
4542,1230,108,287,46,33,1.00,5,1.00,Cervus elaphus (Red deer),0,2,0
4554,1223,23,500,34,43,1.00,7,1.00,Cervus elaphus (Red deer),1,2,0
4554,1224,178,551,41,36,1.00,7,1.00,Cervus elaphus (Red deer),1,2,0
4554,1225,60,508,37,47,1.00,7,1.00,Cervus elaphus (Red deer),1,2,0
4554,1226,81,549,49,39,1.00,7,1.00,Cervus elaphus (Red deer),1,2,0
4554,1227,128,575,37,33,1.00,3,1.00,Cervus elaphus (Red deer),0,1,0
4554,1228,165,611,40,30,1.00,1,1.00,Cervus elaphus (Red deer),0,0,0
4554,1229,193,655,48,38,1.00,6,0.50,Cervus elaphus (Red deer),0,2,0
4554,1230,155,320,46,33,1.00,5,1.00,Cervus elaphus (Red deer),0,2,0
4569,1222,14,543,38,37,1.00,7,1.00,Cervus elaphus (Red deer),1,2,0
4569,1223,77,543,34,43,1.00,7,1.00,Cervus elaphus (Red deer),1,2,0
4569,1224,229,595,41,36,1.00,7,1.00,Cervus elaphus (Red deer),1,2,0
4569,1225,115,553,37,47,1.00,7,1.00,Cervus elaphus (Red deer),1,2,0
4569,1226,132,597,49,39,1.00,7,1.00,Cervus elaphus (Red deer),1,2,0
4569,1228,216,650,40,30,1.00,1,1.00,Cervus elaphus (Red deer),0,0,0
4569,1229,243,698,48,38,1.00,6,0.50,Cervus elaphus (Red deer),0,2,0
4579,1229,268,718,48,38,1.00,6,0.50,Cervus elaphus (Red deer),0,2,0
4584,1222,57,579,38,37,1.00,7,1.00,Cervus elaphus (Red deer),1,2,0
4584,1223,119,578,34,43,1.00,7,1.00,Cervus elaphus (Red deer),1,2,0
4584,1224,274,633,41,36,1.00,7,1.00,Cervus elaphus (Red deer),1,2,0
4584,1225,156,589,37,47,1.00,7,1.00,Cervus elaphus (Red deer),1,2,0
4584,1226,177,630,49,39,1.00,7,1.00,Cervus elaphus (Red deer),1,2,0
4584,1227,221,658,37,33,1.00,3,1.00,Cervus elaphus (Red deer),0,1,0
4584,1228,261,685,40,30,1.00,1,1.00,Cervus elaphus (Red deer),0,0,0
4584,1229,283,731,48,38,1.00,6,0.50,Cervus elaphus (Red deer),0,2,0
4584,1230,260,412,46,33,1.00,5,1.00,Cervus elaphus (Red deer),0,2,0
4590,1229,294,740,48,38,1.00,6,0.50,Cervus elaphus (Red deer),0,2,0
4590,1245,139,552,45,31,1.00,1,1.00,Cervus elaphus (Red deer),0,0,0
4590,1246,145,495,38,36,1.00,1,1.00,Cervus elaphus (Red deer),0,0,0
4600,1229,313,754,48,38,1.00,6,0.50,Cervus elaphus (Red deer),0,2,0
4610,1229,332,768,48,38,1.00,6,0.50,Cervus elaphus (Red deer),0,2,0
4610,1245,178,586,45,31,1.00,1,1.00,Cervus elaphus (Red deer),0,0,0
4610,1246,181,528,38,36,1.00,1,1.00,Cervus elaphus (Red deer),0,0,0
4624,1222,127,633,38,37,1.00,7,1.00,Cervus elaphus (Red deer),1,2,0
4624,1223,193,636,34,43,1.00,7,1.00,Cervus elaphus (Red deer),1,2,0
4624,1224,349,695,41,36,1.00,7,1.00,Cervus elaphus (Red deer),1,2,0
4624,1225,230,648,37,47,1.00,7,1.00,Cervus elaphus (Red deer),1,2,0
4624,1226,251,687,49,39,1.00,7,1.00,Cervus elaphus (Red deer),1,2,0
4624,1227,295,717,37,33,1.00,3,1.00,Cervus elaphus (Red deer),0,1,0
4624,1228,331,745,40,30,1.00,1,1.00,Cervus elaphus (Red deer),0,0,0
4624,1229,359,788,48,38,1.00,6,0.50,Cervus elaphus (Red deer),0,2,0
4624,1230,337,477,46,33,1.00,5,1.00,Cervus elaphus (Red deer),0,2,0
4630,1228,334,748,40,30,1.00,1,1.00,Cervus elaphus (Red deer),0,0,0
4630,1230,340,480,46,33,1.00,5,1.00,Cervus elaphus (Red deer),0,2,0
4640,1229,367,797,48,38,1.00,6,0.50,Cervus elaphus (Red deer),0,2,0
4643,1222,143,648,38,37,1.00,7,1.00,Cervus elaphus (Red deer),1,2,0
4643,1229,369,799,48,38,1.00,6,0.50,Cervus elaphus (Red deer),0,2,0
4650,1228,345,759,40,30,1.00,1,1.00,Cervus elaphus (Red deer),0,0,0
4654,1222,143,646,38,37,1.00,7,1.00,Cervus elaphus (Red deer),1,2,0
4654,1223,209,653,34,43,1.00,7,1.00,Cervus elaphus (Red deer),1,2,0
4654,1224,365,712,41,36,1.00,7,1.00,Cervus elaphus (Red deer),1,2,0
4654,1225,246,665,37,47,1.00,7,1.00,Cervus elaphus (Red deer),1,2,0
4654,1226,267,704,49,39,1.00,7,1.00,Cervus elaphus (Red deer),1,2,0
4654,1227,311,734,37,33,1.00,3,1.00,Cervus elaphus (Red deer),0,1,0
4654,1228,347,761,40,30,1.00,1,1.00,Cervus elaphus (Red deer),0,0,0
4654,1229,375,805,48,38,1.00,6,0.50,Cervus elaphus (Red deer),0,2,0
4654,1230,353,494,46,33,1.00,5,1.00,Cervus elaphus (Red deer),0,2,0
4660,1227,313,730,37,33,1.00,3,1.00,Cervus elaphus (Red deer),0,1,0
4660,1230,360,495,46,33,1.00,5,1.00,Cervus elaphus (Red deer),0,2,0
4660,1245,218,617,45,31,1.00,1,1.00,Cervus elaphus (Red deer),0,0,0
4660,1246,225,565,38,36,1.00,1,1.00,Cervus elaphus (Red deer),0,0,0
4670,1229,377,808,48,38,1.00,6,0.50,Cervus elaphus (Red deer),0,2,0
4680,1228,351,766,40,30,1.00,1,1.00,Cervus elaphus (Red deer),0,0,0
4690,1229,380,812,48,38,1.00,6,0.50,Cervus elaphus (Red deer),0,2,0
4690,1245,224,624,45,31,1.00,1,1.00,Cervus elaphus (Red deer),0,0,0
4690,1246,234,569,38,36,1.00,1,1.00,Cervus elaphus (Red deer),0,0,0
4704,1222,150,655,38,37,1.00,7,1.00,Cervus elaphus (Red deer),1,2,0
4704,1223,216,662,34,43,1.00,7,1.00,Cervus elaphus (Red deer),1,2,0
4704,1224,372,721,41,36,1.00,7,1.00,Cervus elaphus (Red deer),1,2,0
4704,1225,253,674,37,47,1.00,7,1.00,Cervus elaphus (Red deer),1,2,0
4704,1226,274,713,49,39,1.00,7,1.00,Cervus elaphus (Red deer),1,2,0
4704,1227,318,743,37,33,1.00,3,1.00,Cervus elaphus (Red deer),0,1,0
4704,1228,354,770,40,30,1.00,1,1.00,Cervus elaphus (Red deer),0,0,0
4704,1229,382,814,48,38,1.00,6,0.50,Cervus elaphus (Red deer),0,2,0
4704,1230,360,503,46,33,1.00,5,1.00,Cervus elaphus (Red deer),0,2,0
4720,1228,358,769,40,30,1.00,1,1.00,Cervus elaphus (Red deer),0,0,0
4720,1245,227,627,45,31,1.00,1,1.00,Cervus elaphus (Red deer),0,0,0
4720,1246,235,573,38,36,1.00,1,1.00,Cervus elaphus (Red deer),0,0,0
4730,1229,384,810,48,38,1.00,6,0.50,Cervus elaphus (Red deer),0,2,0
4732,1222,153,659,38,37,1.00,7,1.00,Cervus elaphus (Red deer),1,2,0
4732,1223,215,659,34,43,1.00,7,1.00,Cervus elaphus (Red deer),1,2,0
4732,1227,322,739,37,33,1.00,3,1.00,Cervus elaphus (Red deer),0,1,0
4732,1228,361,768,40,30,1.00,1,1.00,Cervus elaphus (Red deer),0,0,0
4732,1229,384,810,48,38,1.00,6,0.50,Cervus elaphus (Red deer),0,2,0
4732,1230,365,503,46,33,1.00,5,1.00,Cervus elaphus (Red deer),0,2,0
4740,1227,320,735,37,33,1.00,3,1.00,Cervus elaphus (Red deer),0,1,0
4750,1245,232,623,45,31,1.00,1,1.00,Cervus elaphus (Red deer),0,0,0
4750,1246,241,569,38,36,1.00,1,1.00,Cervus elaphus (Red deer),0,0,0
4754,1222,152,651,38,37,1.00,7,1.00,Cervus elaphus (Red deer),1,2,0
4754,1223,215,647,34,43,1.00,7,1.00,Cervus elaphus (Red deer),1,2,0
4754,1224,375,706,41,36,1.00,7,1.00,Cervus elaphus (Red deer),1,2,0
4754,1225,252,659,37,47,1.00,7,1.00,Cervus elaphus (Red deer),1,2,0
4754,1226,273,698,49,39,1.00,7,1.00,Cervus elaphus (Red deer),1,2,0
4754,1227,317,728,37,33,1.00,3,1.00,Cervus elaphus (Red deer),0,1,0
4754,1228,359,761,40,30,1.00,1,1.00,Cervus elaphus (Red deer),0,0,0
4754,1229,385,806,48,38,1.00,6,0.50,Cervus elaphus (Red deer),0,2,0
4754,1230,368,488,46,33,1.00,5,1.00,Cervus elaphus (Red deer),0,2,0
4760,1229,384,795,48,38,1.00,6,0.50,Cervus elaphus (Red deer),0,2,0
4770,1245,221,586,45,31,1.00,1,1.00,Cervus elaphus (Red deer),0,0,0
4770,1246,235,534,38,36,1.00,1,1.00,Cervus elaphus (Red deer),0,0,0
4774,1222,147,614,38,37,1.00,7,1.00,Cervus elaphus (Red deer),1,2,0
4774,1223,210,610,34,43,1.00,7,1.00,Cervus elaphus (Red deer),1,2,0
4774,1224,372,672,41,36,1.00,7,1.00,Cervus elaphus (Red deer),1,2,0
4774,1225,247,622,37,47,1.00,7,1.00,Cervus elaphus (Red deer),1,2,0
4774,1226,273,664,49,39,1.00,7,1.00,Cervus elaphus (Red deer),1,2,0
4774,1227,315,691,37,33,1.00,3,1.00,Cervus elaphus (Red deer),0,1,0
4774,1228,359,724,40,30,1.00,1,1.00,Cervus elaphus (Red deer),0,0,0
4774,1229,380,769,48,38,1.00,6,0.50,Cervus elaphus (Red deer),0,2,0
4774,1230,363,444,46,33,1.00,5,1.00,Cervus elaphus (Red deer),0,2,0
4790,1245,211,517,45,31,1.00,1,1.00,Cervus elaphus (Red deer),0,0,0
4790,1246,225,462,38,36,1.00,1,1.00,Cervus elaphus (Red deer),0,0,0
4794,1222,138,536,38,37,1.00,7,1.00,Cervus elaphus (Red deer),1,2,0
4794,1223,201,534,34,43,1.00,7,1.00,Cervus elaphus (Red deer),1,2,0
4794,1224,368,595,41,36,1.00,7,1.00,Cervus elaphus (Red deer),1,2,0
4794,1225,238,546,37,47,1.00,7,1.00,Cervus elaphus (Red deer),1,2,0
4794,1226,264,588,49,39,1.00,7,1.00,Cervus elaphus (Red deer),1,2,0
4794,1227,310,622,37,33,1.00,3,1.00,Cervus elaphus (Red deer),0,1,0
4794,1228,350,648,40,30,1.00,1,1.00,Cervus elaphus (Red deer),0,0,0
4794,1229,371,693,48,38,1.00,6,0.50,Cervus elaphus (Red deer),0,2,0
4794,1230,359,352,46,33,1.00,5,1.00,Cervus elaphus (Red deer),0,2,0
4795,1229,371,689,48,38,1.00,6,0.50,Cervus elaphus (Red deer),0,2,0
4810,1245,199,416,45,31,1.00,1,1.00,Cervus elaphus (Red deer),0,0,0
4810,1246,213,354,38,36,1.00,1,1.00,Cervus elaphus (Red deer),0,0,0
4814,1222,126,440,38,37,1.00,7,1.00,Cervus elaphus (Red deer),1,2,0
4814,1223,189,438,34,43,1.00,7,1.00,Cervus elaphus (Red deer),1,2,0
4814,1224,365,497,41,36,1.00,7,1.00,Cervus elaphus (Red deer),1,2,0
4814,1225,232,449,37,47,1.00,7,1.00,Cervus elaphus (Red deer),1,2,0
4814,1226,252,492,49,39,1.00,7,1.00,Cervus elaphus (Red deer),1,2,0
4814,1227,298,526,37,33,1.00,3,1.00,Cervus elaphus (Red deer),0,1,0
4814,1228,341,553,40,30,1.00,1,1.00,Cervus elaphus (Red deer),0,0,0
4814,1229,369,607,48,38,1.00,6,0.50,Cervus elaphus (Red deer),0,2,0
4814,1230,352,230,46,33,1.00,5,1.00,Cervus elaphus (Red deer),0,2,0
4820,1247,152,366,37,31,1.00,2,0.50,Cervus elaphus (Red deer),0,0,0
4830,1245,187,325,45,31,1.00,1,1.00,Cervus elaphus (Red deer),0,0,0
4830,1246,207,260,38,36,1.00,1,1.00,Cervus elaphus (Red deer),0,0,0
4830,1247,145,327,37,31,1.00,2,0.50,Cervus elaphus (Red deer),0,0,0
4834,1222,110,361,38,37,1.00,7,1.00,Cervus elaphus (Red deer),1,2,0
4834,1223,173,359,34,43,1.00,7,1.00,Cervus elaphus (Red deer),1,2,0
4834,1224,349,418,41,36,1.00,7,1.00,Cervus elaphus (Red deer),1,2,0
4834,1225,216,370,37,47,1.00,7,1.00,Cervus elaphus (Red deer),1,2,0
4834,1226,236,413,49,39,1.00,7,1.00,Cervus elaphus (Red deer),1,2,0
4834,1227,287,446,37,33,1.00,3,1.00,Cervus elaphus (Red deer),0,1,0
4834,1228,337,480,40,30,1.00,1,1.00,Cervus elaphus (Red deer),0,0,0
4834,1229,361,534,48,38,1.00,6,0.50,Cervus elaphus (Red deer),0,2,0
4834,1230,343,133,46,33,1.00,5,1.00,Cervus elaphus (Red deer),0,2,0
4850,1245,178,239,45,31,1.00,1,1.00,Cervus elaphus (Red deer),0,0,0
4850,1246,190,166,38,36,1.00,1,1.00,Cervus elaphus (Red deer),0,0,0
4850,1247,138,245,37,31,1.00,2,0.50,Cervus elaphus (Red deer),0,0,0
4854,1222,102,282,38,37,1.00,7,1.00,Cervus elaphus (Red deer),1,2,0
4854,1223,168,277,34,43,1.00,7,1.00,Cervus elaphus (Red deer),1,2,0
4854,1224,355,332,41,36,1.00,7,1.00,Cervus elaphus (Red deer),1,2,0
4854,1225,213,282,37,47,1.00,7,1.00,Cervus elaphus (Red deer),1,2,0
4854,1226,234,336,49,39,1.00,7,1.00,Cervus elaphus (Red deer),1,2,0
4854,1227,285,366,37,33,1.00,3,1.00,Cervus elaphus (Red deer),0,1,0
4854,1228,336,400,40,30,1.00,1,1.00,Cervus elaphus (Red deer),0,0,0
4854,1229,362,458,48,38,1.00,6,0.50,Cervus elaphus (Red deer),0,2,0
4854,1230,339,56,46,33,1.00,5,1.00,Cervus elaphus (Red deer),0,2,0
4860,1245,173,197,45,31,1.00,1,1.00,Cervus elaphus (Red deer),0,0,0
4860,1246,189,124,38,36,1.00,1,1.00,Cervus elaphus (Red deer),0,0,0
4860,1247,133,203,37,31,1.00,2,0.50,Cervus elaphus (Red deer),0,0,0
4865,1246,183,95,38,36,1.00,1,1.00,Cervus elaphus (Red deer),0,0,0
4867,1246,186,84,38,36,1.00,1,1.00,Cervus elaphus (Red deer),0,0,0
4868,1246,185,80,38,36,1.00,1,1.00,Cervus elaphus (Red deer),0,0,0
4869,1246,188,68,38,36,1.00,1,1.00,Cervus elaphus (Red deer),0,0,0
4870,1245,169,153,45,31,1.00,1,1.00,Cervus elaphus (Red deer),0,0,0
4870,1246,174,75,38,36,1.00,1,1.00,Cervus elaphus (Red deer),0,0,0
4870,1247,129,159,37,31,1.00,2,0.50,Cervus elaphus (Red deer),0,0,0
4874,1222,82,185,38,37,1.00,7,1.00,Cervus elaphus (Red deer),1,2,0
4874,1223,154,181,34,43,1.00,7,1.00,Cervus elaphus (Red deer),1,2,0
4874,1224,348,235,41,36,1.00,7,1.00,Cervus elaphus (Red deer),1,2,0
4874,1225,201,188,37,47,1.00,7,1.00,Cervus elaphus (Red deer),1,2,0
4874,1226,224,239,49,39,1.00,7,1.00,Cervus elaphus (Red deer),1,2,0
4874,1227,278,276,37,33,1.00,3,1.00,Cervus elaphus (Red deer),0,1,0
4874,1228,330,309,40,30,1.00,1,1.00,Cervus elaphus (Red deer),0,0,0
4874,1229,357,368,48,38,1.00,6,0.50,Cervus elaphus (Red deer),0,2,0
4875,1229,357,364,48,38,1.00,6,0.50,Cervus elaphus (Red deer),0,2,0
4887,1245,162,66,45,31,1.00,1,1.00,Cervus elaphus (Red deer),0,0,0
4887,1247,122,72,37,31,1.00,2,0.50,Cervus elaphus (Red deer),0,0,0
4894,1222,68,97,38,37,1.00,7,1.00,Cervus elaphus (Red deer),1,2,0
4894,1223,142,88,34,43,1.00,7,1.00,Cervus elaphus (Red deer),1,2,0
4894,1224,335,138,41,36,1.00,7,1.00,Cervus elaphus (Red deer),1,2,0
4894,1225,191,95,37,47,1.00,7,1.00,Cervus elaphus (Red deer),1,2,0
4894,1226,215,150,49,39,1.00,7,1.00,Cervus elaphus (Red deer),1,2,0
4894,1227,269,182,37,33,1.00,3,1.00,Cervus elaphus (Red deer),0,1,0
4894,1228,321,220,40,30,1.00,1,1.00,Cervus elaphus (Red deer),0,0,0
4894,1229,349,280,48,38,1.00,6,0.50,Cervus elaphus (Red deer),0,2,0
4904,1222,59,43,38,37,1.00,7,1.00,Cervus elaphus (Red deer),1,2,0
4904,1223,133,34,34,43,1.00,7,1.00,Cervus elaphus (Red deer),1,2,0
4904,1224,335,88,41,36,1.00,7,1.00,Cervus elaphus (Red deer),1,2,0
4904,1225,182,41,37,47,1.00,7,1.00,Cervus elaphus (Red deer),1,2,0
4904,1226,206,96,49,39,1.00,7,1.00,Cervus elaphus (Red deer),1,2,0
4904,1227,260,128,37,33,1.00,3,1.00,Cervus elaphus (Red deer),0,1,0
4904,1228,312,166,40,30,1.00,1,1.00,Cervus elaphus (Red deer),0,0,0
4904,1229,340,226,48,38,1.00,6,0.50,Cervus elaphus (Red deer),0,2,0
4914,1224,336,38,41,36,1.00,7,1.00,Cervus elaphus (Red deer),1,2,0
4914,1226,207,46,49,39,1.00,7,1.00,Cervus elaphus (Red deer),1,2,0
4914,1227,261,78,37,33,1.00,3,1.00,Cervus elaphus (Red deer),0,1,0
4914,1228,313,116,40,30,1.00,1,1.00,Cervus elaphus (Red deer),0,0,0
4914,1229,341,176,48,38,1.00,6,0.50,Cervus elaphus (Red deer),0,2,0
4934,1228,313,30,40,30,1.00,1,1.00,Cervus elaphus (Red deer),0,0,0
4934,1229,341,90,48,38,1.00,6,0.50,Cervus elaphus (Red deer),0,2,0
6600,1239,979,49,45,48,1.00,5,1.00,Cervus elaphus (Red deer),0,2,0
6614,1236,907,26,40,44,1.00,3,1.00,Cervus elaphus (Red deer),0,1,0
6614,1237,965,65,47,49,1.00,1,1.00,Cervus elaphus (Red deer),0,0,0
6614,1239,982,137,42,48,1.00,5,1.00,Cervus elaphus (Red deer),0,2,0
6624,1234,979,33,45,50,1.00,7,1.00,Cervus elaphus (Red deer),1,2,0
6624,1235,836,42,45,40,1.00,5,1.00,Cervus elaphus (Red deer),0,2,0
6624,1236,897,72,40,44,1.00,3,1.00,Cervus elaphus (Red deer),0,1,0
6624,1237,955,111,47,49,1.00,1,1.00,Cervus elaphus (Red deer),0,0,0
6624,1239,972,183,52,48,1.00,5,1.00,Cervus elaphus (Red deer),0,2,0
6634,1231,637,30,51,53,1.00,5,1.00,Cervus elaphus (Red deer),0,2,0
6634,1232,740,27,40,57,1.00,7,1.00,Cervus elaphus (Red deer),1,2,0
6634,1233,792,41,47,55,1.00,7,1.00,Cervus elaphus (Red deer),1,2,0
6634,1234,974,88,50,50,1.00,7,1.00,Cervus elaphus (Red deer),1,2,0
6634,1235,831,97,45,40,1.00,5,1.00,Cervus elaphus (Red deer),0,2,0
6634,1236,892,127,40,44,1.00,3,1.00,Cervus elaphus (Red deer),0,1,0
6634,1237,950,166,47,49,1.00,1,1.00,Cervus elaphus (Red deer),0,0,0
6634,1239,967,238,55,48,1.00,5,1.00,Cervus elaphus (Red deer),0,2,0
6650,1239,956,333,55,48,1.00,5,1.00,Cervus elaphus (Red deer),0,2,0
6654,1231,623,140,51,53,1.00,5,1.00,Cervus elaphus (Red deer),0,2,0
6654,1232,726,137,40,57,1.00,7,1.00,Cervus elaphus (Red deer),1,2,0
6654,1233,778,151,47,55,1.00,7,1.00,Cervus elaphus (Red deer),1,2,0
6654,1234,963,202,54,50,1.00,7,1.00,Cervus elaphus (Red deer),1,2,0
6654,1235,817,207,45,40,1.00,5,1.00,Cervus elaphus (Red deer),0,2,0
6654,1236,878,237,40,44,1.00,3,1.00,Cervus elaphus (Red deer),0,1,0
6654,1237,936,276,47,49,1.00,1,1.00,Cervus elaphus (Red deer),0,0,0
6654,1239,953,348,55,48,1.00,5,1.00,Cervus elaphus (Red deer),0,2,0
6655,1248,687,92,48,31,1.00,1,1.00,Cervus elaphus (Red deer),0,0,0
6674,1231,625,244,51,53,1.00,5,1.00,Cervus elaphus (Red deer),0,2,0
6674,1232,719,247,40,57,1.00,7,1.00,Cervus elaphus (Red deer),1,2,0
6674,1233,770,259,47,55,1.00,7,1.00,Cervus elaphus (Red deer),1,2,0
6674,1234,955,310,54,50,1.00,7,1.00,Cervus elaphus (Red deer),1,2,0
6674,1235,809,315,45,40,1.00,5,1.00,Cervus elaphus (Red deer),0,2,0
6674,1236,861,342,40,44,1.00,3,1.00,Cervus elaphus (Red deer),0,1,0
6674,1237,918,379,47,49,1.00,1,1.00,Cervus elaphus (Red deer),0,0,0
6674,1239,938,451,55,48,1.00,5,1.00,Cervus elaphus (Red deer),0,2,0
6675,1248,681,200,48,31,1.00,1,1.00,Cervus elaphus (Red deer),0,0,0
6694,1231,623,345,51,53,1.00,5,1.00,Cervus elaphus (Red deer),0,2,0
6694,1232,717,346,40,57,1.00,7,1.00,Cervus elaphus (Red deer),1,2,0
6694,1233,763,359,47,55,1.00,7,1.00,Cervus elaphus (Red deer),1,2,0
6694,1234,939,410,54,50,1.00,7,1.00,Cervus elaphus (Red deer),1,2,0
6694,1235,802,415,45,40,1.00,5,1.00,Cervus elaphus (Red deer),0,2,0
6694,1236,853,441,40,44,1.00,3,1.00,Cervus elaphus (Red deer),0,1,0
6694,1237,907,478,47,49,1.00,1,1.00,Cervus elaphus (Red deer),0,0,0
6694,1238,997,85,27,46,1.00,6,0.50,Cervus elaphus (Red deer),0,2,0
6695,1248,681,299,48,31,1.00,1,1.00,Cervus elaphus (Red deer),0,0,0
6700,1237,903,503,47,49,1.00,1,1.00,Cervus elaphus (Red deer),0,0,0
6704,1239,919,588,55,48,1.00,5,1.00,Cervus elaphus (Red deer),0,2,0
6714,1231,615,434,51,53,1.00,5,1.00,Cervus elaphus (Red deer),0,2,0
6714,1232,711,436,40,57,1.00,7,1.00,Cervus elaphus (Red deer),1,2,0
6714,1233,760,450,47,55,1.00,7,1.00,Cervus elaphus (Red deer),1,2,0
6714,1234,923,502,54,50,1.00,7,1.00,Cervus elaphus (Red deer),1,2,0
6714,1235,794,503,45,40,1.00,5,1.00,Cervus elaphus (Red deer),0,2,0
6714,1236,845,530,40,44,1.00,3,1.00,Cervus elaphus (Red deer),0,1,0
6714,1237,893,562,47,49,1.00,1,1.00,Cervus elaphus (Red deer),0,0,0
6714,1238,977,200,47,46,1.00,6,0.50,Cervus elaphus (Red deer),0,2,0
6714,1239,914,624,55,48,1.00,5,1.00,Cervus elaphus (Red deer),0,2,0
6715,1248,677,398,48,31,1.00,1,1.00,Cervus elaphus (Red deer),0,0,0
6724,1239,908,669,55,48,1.00,5,1.00,Cervus elaphus (Red deer),0,2,0
6727,1238,969,272,51,46,1.00,6,0.50,Cervus elaphus (Red deer),0,2,0
6728,1237,888,624,47,49,1.00,1,1.00,Cervus elaphus (Red deer),0,0,0
6730,1248,669,448,48,31,1.00,1,1.00,Cervus elaphus (Red deer),0,0,0
6734,1231,618,526,51,53,1.00,5,1.00,Cervus elaphus (Red deer),0,2,0
6734,1232,704,524,40,57,1.00,7,1.00,Cervus elaphus (Red deer),1,2,0
6734,1233,753,538,47,55,1.00,7,1.00,Cervus elaphus (Red deer),1,2,0
6734,1234,916,590,54,50,1.00,7,1.00,Cervus elaphus (Red deer),1,2,0
6734,1235,787,591,45,40,1.00,5,1.00,Cervus elaphus (Red deer),0,2,0
6734,1236,838,618,40,44,1.00,3,1.00,Cervus elaphus (Red deer),0,1,0
6734,1237,886,650,47,49,1.00,1,1.00,Cervus elaphus (Red deer),0,0,0
6734,1238,965,310,51,46,1.00,6,0.50,Cervus elaphus (Red deer),0,2,0
6734,1239,905,711,55,48,1.00,5,1.00,Cervus elaphus (Red deer),0,2,0
6764,1231,608,642,51,53,1.00,5,1.00,Cervus elaphus (Red deer),0,2,0
6764,1232,694,647,40,57,1.00,7,1.00,Cervus elaphus (Red deer),1,2,0
6764,1233,741,661,47,55,1.00,7,1.00,Cervus elaphus (Red deer),1,2,0
6764,1234,898,709,54,50,1.00,7,1.00,Cervus elaphus (Red deer),1,2,0
6764,1235,777,710,45,40,1.00,5,1.00,Cervus elaphus (Red deer),0,2,0
6764,1236,826,735,40,44,1.00,3,1.00,Cervus elaphus (Red deer),0,1,0
6764,1237,870,766,47,49,1.00,1,1.00,Cervus elaphus (Red deer),0,0,0
6764,1238,951,460,51,46,1.00,6,0.50,Cervus elaphus (Red deer),0,2,0
6764,1239,895,827,55,48,1.00,5,1.00,Cervus elaphus (Red deer),0,2,0
6788,1231,614,730,51,53,1.00,6,0.50,Cervus elaphus (Red deer),0,2,0
6788,1232,698,737,40,57,1.00,7,1.00,Cervus elaphus (Red deer),1,2,0
6788,1233,739,754,47,55,1.00,7,1.00,Cervus elaphus (Red deer),1,2,0
6788,1234,889,802,54,50,1.00,7,1.00,Cervus elaphus (Red deer),1,2,0
6788,1235,770,798,45,40,1.00,5,1.00,Cervus elaphus (Red deer),0,2,0
6788,1236,818,821,40,44,1.00,3,1.00,Cervus elaphus (Red deer),0,1,0
6788,1237,862,852,47,49,1.00,1,1.00,Cervus elaphus (Red deer),0,0,0
6788,1238,935,568,51,46,1.00,6,0.50,Cervus elaphus (Red deer),0,2,0
6788,1239,881,906,55,48,1.00,5,1.00,Cervus elaphus (Red deer),0,2,0
6808,1232,692,814,40,57,1.00,7,1.00,Cervus elaphus (Red deer),1,2,0
6808,1233,733,831,47,55,1.00,7,1.00,Cervus elaphus (Red deer),1,2,0
6808,1234,878,881,54,50,1.00,7,1.00,Cervus elaphus (Red deer),1,2,0
6808,1235,764,875,45,40,1.00,5,1.00,Cervus elaphus (Red deer),0,2,0
6808,1236,812,898,40,44,1.00,3,1.00,Cervus elaphus (Red deer),0,1,0
6808,1237,856,929,47,49,1.00,1,1.00,Cervus elaphus (Red deer),0,0,0
6808,1238,929,660,51,46,1.00,6,0.50,Cervus elaphus (Red deer),0,2,0
6818,1232,697,856,40,57,1.00,7,1.00,Cervus elaphus (Red deer),1,2,0
6818,1233,735,864,47,55,1.00,7,1.00,Cervus elaphus (Red deer),1,2,0
6818,1234,877,918,54,50,1.00,7,1.00,Cervus elaphus (Red deer),1,2,0
6818,1235,767,916,45,40,1.00,5,1.00,Cervus elaphus (Red deer),0,2,0
6818,1236,817,940,40,44,1.00,3,1.00,Cervus elaphus (Red deer),0,1,0
6818,1238,923,701,51,46,1.00,6,0.50,Cervus elaphus (Red deer),0,2,0
6828,1232,689,892,40,57,1.00,7,1.00,Cervus elaphus (Red deer),1,2,0
6828,1233,727,900,47,55,1.00,7,1.00,Cervus elaphus (Red deer),1,2,0
6828,1238,914,741,51,46,1.00,6,0.50,Cervus elaphus (Red deer),0,2,0
6878,1238,890,907,51,46,1.00,6,0.50,Cervus elaphus (Red deer),0,2,0
9955,1240,0,872,24,32,1.00,7,1.00,Cervus elaphus (Red deer),1,2,0
9978,1240,44,922,38,32,1.00,7,1.00,Cervus elaphus (Red deer),1,2,0
9978,1241,0,757,21,42,1.00,11,1.00,Cervus elaphus (Red deer),2,2,0
10008,1241,60,817,48,50,1.00,11,1.00,Cervus elaphus (Red deer),2,2,0
10038,1241,113,859,48,50,1.00,11,1.00,Cervus elaphus (Red deer),2,2,0
10078,1241,146,882,48,50,1.00,11,1.00,Cervus elaphus (Red deer),2,2,0
10138,1241,154,885,48,50,1.00,11,1.00,Cervus elaphus (Red deer),2,2,0
10188,1241,156,878,48,50,1.00,11,1.00,Cervus elaphus (Red deer),2,2,0
10205,1241,151,853,48,50,1.00,11,1.00,Cervus elaphus (Red deer),2,2,0
10218,1241,149,819,48,50,1.00,11,1.00,Cervus elaphus (Red deer),2,2,0
10244,1242,192,900,48,49,1.00,7,1.00,Cervus elaphus (Red deer),1,2,0
10248,1241,134,705,48,50,1.00,11,1.00,Cervus elaphus (Red deer),2,2,0
10264,1242,192,836,48,49,1.00,7,1.00,Cervus elaphus (Red deer),1,2,0
10268,1241,124,627,50,60,1.00,11,1.00,Cervus elaphus (Red deer),2,2,0
10278,1241,123,607,48,66,1.00,11,1.00,Cervus elaphus (Red deer),2,2,0
10278,1242,188,809,48,49,1.00,7,1.00,Cervus elaphus (Red deer),1,2,0
10282,1241,120,609,48,66,1.00,11,1.00,Cervus elaphus (Red deer),2,2,0
10282,1242,189,806,48,49,1.00,7,1.00,Cervus elaphus (Red deer),1,2,0
10283,1241,106,503,48,66,1.00,11,1.00,Cervus elaphus (Red deer),2,2,0
10283,1242,174,714,48,49,1.00,7,1.00,Cervus elaphus (Red deer),1,2,0
10286,1241,101,492,48,66,1.00,11,1.00,Cervus elaphus (Red deer),2,2,0
10286,1242,175,698,48,49,1.00,7,1.00,Cervus elaphus (Red deer),1,2,0
10289,1241,103,478,48,66,1.00,11,1.00,Cervus elaphus (Red deer),2,2,0
10289,1242,172,689,48,49,1.00,7,1.00,Cervus elaphus (Red deer),1,2,0
10308,1241,94,401,48,66,1.00,11,1.00,Cervus elaphus (Red deer),2,2,0
10308,1242,163,613,48,49,1.00,8,0.50,Cervus elaphus (Red deer),1,2,0
10328,1241,85,310,48,66,1.00,11,1.00,Cervus elaphus (Red deer),2,2,0
10328,1242,155,536,48,49,1.00,7,1.00,Cervus elaphus (Red deer),1,2,0
10348,1241,71,214,48,66,1.00,11,1.00,Cervus elaphus (Red deer),2,2,0
10348,1242,146,452,48,49,1.00,7,1.00,Cervus elaphus (Red deer),1,2,0
10368,1241,54,117,48,66,1.00,11,1.00,Cervus elaphus (Red deer),2,2,0
10368,1242,134,365,48,49,1.00,7,1.00,Cervus elaphus (Red deer),1,2,0
10388,1241,40,21,48,66,1.00,11,1.00,Cervus elaphus (Red deer),2,2,0
10388,1242,120,269,48,49,1.00,7,1.00,Cervus elaphus (Red deer),1,2,0
10418,1242,101,122,48,49,1.00,7,1.00,Cervus elaphus (Red deer),1,2,0
10430,1242,101,62,48,49,1.00,7,1.00,Cervus elaphus (Red deer),1,2,0
12086,1243,675,122,51,70,1.00,8,0.50,Cervus elaphus (Red deer),1,2,0
12116,1243,671,283,51,70,1.00,8,0.50,Cervus elaphus (Red deer),1,2,0
12116,1244,628,53,50,72,1.00,12,0.50,Cervus elaphus (Red deer),2,2,0
12136,1243,666,396,51,70,1.00,8,0.50,Cervus elaphus (Red deer),1,2,0
12136,1244,623,179,50,72,1.00,12,0.50,Cervus elaphus (Red deer),2,2,0
12156,1243,666,491,51,70,1.00,8,0.50,Cervus elaphus (Red deer),1,2,0
12156,1244,619,286,50,72,1.00,12,0.50,Cervus elaphus (Red deer),2,2,0
12186,1243,661,637,51,70,1.00,8,0.50,Cervus elaphus (Red deer),1,2,0
12186,1244,614,453,50,72,1.00,12,0.50,Cervus elaphus (Red deer),2,2,0
12206,1243,660,736,51,70,1.00,8,0.50,Cervus elaphus (Red deer),1,2,0
12206,1244,621,552,50,72,1.00,12,0.50,Cervus elaphus (Red deer),2,2,0
12224,1243,658,821,51,70,1.00,8,0.50,Cervus elaphus (Red deer),1,2,0
12226,1243,658,830,51,70,1.00,8,0.50,Cervus elaphus (Red deer),1,2,0
12226,1244,618,652,50,72,1.00,12,0.50,Cervus elaphus (Red deer),2,2,0
12236,1243,658,886,51,70,1.00,8,0.50,Cervus elaphus (Red deer),1,2,0
12236,1244,618,708,50,72,1.00,12,0.50,Cervus elaphus (Red deer),2,2,0
12271,1244,606,897,50,72,1.00,12,0.50,Cervus elaphus (Red deer),2,2,0
14001,1249,0,374,166,199,1.00,0,1.00,No-animal,0,0,0
14021,1249,210,440,208,199,1.00,0,1.00,No-animal,0,0,0
14041,1249,433,529,208,199,1.00,0,1.00,No-animal,0,0,0
14061,1249,663,637,208,199,1.00,0,1.00,No-animal,0,0,0
14081,1249,840,754,184,199,1.00,0,1.00,No-animal,0,0,0
14091,1249,901,778,123,199,1.00,0,1.00,No-animal,0,0,0
15382,1250,8,557,37,44,1.00,0,1.00,No-animal,0,0,0
15412,1250,9,658,37,44,1.00,0,1.00,No-animal,0,0,0
15442,1250,17,720,37,44,1.00,0,1.00,No-animal,0,0,0
15472,1250,20,746,37,44,1.00,0,1.00,No-animal,0,0,0
15522,1250,21,756,37,44,1.00,0,1.00,No-animal,0,0,0
15572,1250,16,756,37,44,1.00,0,1.00,No-animal,0,0,0
15612,1250,41,792,37,44,1.00,0,1.00,No-animal,0,0,0
15642,1250,96,866,37,44,1.00,0,1.00,No-animal,0,0,0
15652,1250,122,896,37,44,1.00,0,1.00,No-animal,0,0,0
16151,1251,461,891,42,38,1.00,0,1.00,No-animal,0,0,0
16161,1251,463,863,42,38,1.00,0,1.00,No-animal,0,0,0
16191,1251,459,757,42,38,1.00,0,1.00,No-animal,0,0,0
16221,1251,456,651,42,38,1.00,0,1.00,No-animal,0,0,0
16251,1251,457,530,42,38,1.00,0,1.00,No-animal,0,0,0
16281,1251,452,402,42,38,1.00,0,1.00,No-animal,0,0,0
16311,1251,449,260,42,38,1.00,0,1.00,No-animal,0,0,0
16341,1251,446,122,42,38,1.00,0,1.00,No-animal,0,0,0
16348,1251,449,84,42,38,1.00,0,1.00,No-animal,0,0,0
16759,1252,822,77,52,46,1.00,0,1.00,No-animal,0,0,0
16766,1252,841,95,52,46,1.00,0,1.00,No-animal,0,0,0
16789,1252,897,194,52,46,1.00,0,1.00,No-animal,0,0,0
16819,1252,957,293,52,46,1.00,0,1.00,No-animal,0,0,0
16849,1252,989,352,35,46,1.00,0,1.00,No-animal,0,0,0
16889,1252,996,364,28,46,1.00,0,1.00,No-animal,0,0,0
16959,1252,996,364,28,46,1.00,0,1.00,No-animal,0,0,0
16989,1252,994,383,30,46,1.00,0,1.00,No-animal,0,0,0
17019,1252,989,476,35,46,1.00,0,1.00,No-animal,0,0,0
17049,1252,977,623,47,46,1.00,0,1.00,No-animal,0,0,0
17079,1252,961,740,52,46,1.00,0,1.00,No-animal,0,0,0
17109,1252,950,859,52,46,1.00,0,1.00,No-animal,0,0,0
17125,1252,941,914,52,46,1.00,0,1.00,No-animal,0,0,0
17305,1253,513,95,40,32,1.00,0,1.00,No-animal,0,0,0
17318,1254,486,91,49,38,1.00,0,1.00,No-animal,0,0,0
17324,1254,481,127,49,38,1.00,0,1.00,No-animal,0,0,0
17330,1253,515,228,40,32,1.00,0,1.00,No-animal,0,0,0
17354,1254,484,273,49,38,1.00,0,1.00,No-animal,0,0,0
17355,1253,514,339,40,32,1.00,0,1.00,No-animal,0,0,0
17384,1254,484,374,49,38,1.00,0,1.00,No-animal,0,0,0
17385,1253,515,444,40,32,1.00,0,1.00,No-animal,0,0,0
17414,1253,513,497,40,32,1.00,0,1.00,No-animal,0,0,0
17414,1254,488,429,49,38,1.00,0,1.00,No-animal,0,0,0
17444,1253,517,510,40,32,1.00,0,1.00,No-animal,0,0,0
17444,1254,492,447,49,38,1.00,0,1.00,No-animal,0,0,0
17474,1253,519,514,40,32,1.00,0,1.00,No-animal,0,0,0
17474,1254,490,451,49,38,1.00,0,1.00,No-animal,0,0,0
17504,1253,518,519,40,32,1.00,0,1.00,No-animal,0,0,0
17504,1254,490,451,49,38,1.00,0,1.00,No-animal,0,0,0
17534,1253,518,519,40,32,1.00,0,1.00,No-animal,0,0,0
17534,1254,490,451,49,38,1.00,0,1.00,No-animal,0,0,0
17564,1253,530,513,40,32,1.00,0,1.00,No-animal,0,0,0
17564,1254,505,451,49,38,1.00,0,1.00,No-animal,0,0,0
17594,1253,605,443,40,32,1.00,0,1.00,No-animal,0,0,0
17594,1254,566,377,49,38,1.00,0,1.00,No-animal,0,0,0
17624,1253,731,329,40,32,1.00,0,1.00,No-animal,0,0,0
17624,1254,702,257,49,38,1.00,0,1.00,No-animal,0,0,0
17654,1253,863,215,40,32,1.00,0,1.00,No-animal,0,0,0
17654,1254,830,137,49,38,1.00,0,1.00,No-animal,0,0,0
17670,1254,908,68,49,38,1.00,0,1.00,No-animal,0,0,0
17684,1253,997,81,27,32,1.00,0,1.00,No-animal,0,0,0
