772,1477,0,776,26,40,1.00,52,0.50,Sus scrofa (Wild boar),0,2,0
822,1477,76,851,46,40,1.00,52,0.50,Sus scrofa (Wild boar),0,2,0
857,1477,143,904,46,40,1.00,52,0.50,Sus scrofa (Wild boar),0,2,0
862,1477,153,911,46,40,1.00,52,0.50,Sus scrofa (Wild boar),0,2,0
877,1478,0,826,18,35,1.00,52,0.50,Sus scrofa (Wild boar),0,2,0
907,1478,30,865,43,35,1.00,52,0.50,Sus scrofa (Wild boar),0,2,0
937,1478,89,909,43,35,1.00,52,0.50,Sus scrofa (Wild boar),0,2,0
1430,1479,248,105,45,34,1.00,52,0.50,Sus scrofa (Wild boar),0,2,0
1460,1479,316,151,45,34,1.00,52,0.50,Sus scrofa (Wild boar),0,2,0
1490,1479,382,202,45,34,1.00,52,0.50,Sus scrofa (Wild boar),0,2,0
1520,1479,415,250,45,34,1.00,52,0.50,Sus scrofa (Wild boar),0,2,0
1550,1479,391,291,45,34,1.00,52,0.50,Sus scrofa (Wild boar),0,2,0
1554,1479,384,302,45,34,1.00,52,0.50,Sus scrofa (Wild boar),0,2,0
1578,1479,348,366,45,34,1.00,52,0.50,Sus scrofa (Wild boar),0,2,0
1580,1479,340,371,45,34,1.00,52,0.50,Sus scrofa (Wild boar),0,2,0
1584,1479,340,378,45,34,1.00,52,0.50,Sus scrofa (Wild boar),0,2,0
1610,1479,290,438,45,34,1.00,52,0.50,Sus scrofa (Wild boar),0,2,0
1640,1479,249,499,45,34,1.00,52,0.50,Sus scrofa (Wild boar),0,2,0
1660,1479,212,540,45,34,1.00,52,0.50,Sus scrofa (Wild boar),0,2,0
1676,1479,190,572,45,34,1.00,52,0.50,Sus scrofa (Wild boar),0,2,0
1706,1479,139,610,45,34,1.00,52,0.50,Sus scrofa (Wild boar),0,2,0
1746,1479,84,582,45,34,1.00,52,0.50,Sus scrofa (Wild boar),0,2,0
1786,1479,0,522,34,34,1.00,52,0.50,Sus scrofa (Wild boar),0,2,0
4973,1480,1004,485,20,28,1.00,52,0.50,Sus scrofa (Wild boar),0,2,0
4999,1480,953,451,40,28,1.00,52,0.50,Sus scrofa (Wild boar),0,2,0
5003,1480,945,446,40,28,1.00,52,0.50,Sus scrofa (Wild boar),0,2,0
5003,1481,1007,597,17,35,1.00,52,0.50,Sus scrofa (Wild boar),0,2,0
5023,1480,905,413,40,28,1.00,52,0.50,Sus scrofa (Wild boar),0,2,0
5023,1481,968,557,40,35,1.00,52,0.50,Sus scrofa (Wild boar),0,2,0
5053,1480,835,371,40,28,1.00,52,0.50,Sus scrofa (Wild boar),0,2,0
5053,1481,898,515,40,35,1.00,52,0.50,Sus scrofa (Wild boar),0,2,0
5063,1480,812,353,40,28,1.00,52,0.50,Sus scrofa (Wild boar),0,2,0
5063,1481,875,497,40,35,1.00,52,0.50,Sus scrofa (Wild boar),0,2,0
5063,1482,1003,176,21,43,1.00,52,0.50,Sus scrofa (Wild boar),0,2,0
5073,1480,791,341,40,28,1.00,52,0.50,Sus scrofa (Wild boar),0,2,0
5073,1481,855,484,40,35,1.00,52,0.50,Sus scrofa (Wild boar),0,2,0
5073,1482,982,161,31,43,1.00,52,0.50,Sus scrofa (Wild boar),0,2,0
5083,1481,831,468,40,35,1.00,52,0.50,Sus scrofa (Wild boar),0,2,0
5093,1480,749,316,40,28,1.00,52,0.50,Sus scrofa (Wild boar),0,2,0
5093,1481,821,448,40,35,1.00,52,0.50,Sus scrofa (Wild boar),0,2,0
5093,1482,940,131,31,43,1.00,52,0.50,Sus scrofa (Wild boar),0,2,0
5123,1480,691,276,40,28,1.00,52,0.50,Sus scrofa (Wild boar),0,2,0
5123,1481,754,421,40,35,1.00,52,0.50,Sus scrofa (Wild boar),0,2,0
5123,1482,878,93,31,43,1.00,52,0.50,Sus scrofa (Wild boar),0,2,0
5126,1480,684,272,40,28,1.00,52,0.50,Sus scrofa (Wild boar),0,2,0
5126,1481,748,417,40,35,1.00,52,0.50,Sus scrofa (Wild boar),0,2,0
5126,1482,871,89,31,43,1.00,52,0.50,Sus scrofa (Wild boar),0,2,0
5148,1480,636,245,40,28,1.00,52,0.50,Sus scrofa (Wild boar),0,2,0
5148,1482,823,62,31,43,1.00,52,0.50,Sus scrofa (Wild boar),0,2,0
5163,1481,674,369,40,35,1.00,52,0.50,Sus scrofa (Wild boar),0,2,0
5178,1480,577,207,40,28,1.00,52,0.50,Sus scrofa (Wild boar),0,2,0
5193,1480,548,188,40,28,1.00,52,0.50,Sus scrofa (Wild boar),0,2,0
5196,1480,542,184,40,28,1.00,52,0.50,Sus scrofa (Wild boar),0,2,0
5196,1481,606,322,40,35,1.00,52,0.50,Sus scrofa (Wild boar),0,2,0
5196,1483,1003,133,21,52,1.00,52,0.50,Sus scrofa (Wild boar),0,2,0
5256,1480,425,109,40,28,1.00,52,0.50,Sus scrofa (Wild boar),0,2,0
5256,1481,490,246,40,35,1.00,52,0.50,Sus scrofa (Wild boar),0,2,0
5256,1483,870,51,43,52,1.00,52,0.50,Sus scrofa (Wild boar),0,2,0
5269,1480,402,97,40,28,1.00,52,0.50,Sus scrofa (Wild boar),0,2,0
5269,1481,467,232,40,39,1.00,52,0.50,Sus scrofa (Wild boar),0,2,0
5276,1480,390,91,40,28,1.00,52,0.50,Sus scrofa (Wild boar),0,2,0
5276,1481,455,225,40,41,1.00,52,0.50,Sus scrofa (Wild boar),0,2,0
5306,1481,401,190,40,41,1.00,52,0.50,Sus scrofa (Wild boar),0,2,0
5336,1481,344,146,40,41,1.00,52,0.50,Sus scrofa (Wild boar),0,2,0
5376,1481,254,101,40,41,1.00,52,0.50,Sus scrofa (Wild boar),0,2,0
5396,1481,218,80,40,41,1.00,52,0.50,Sus scrofa (Wild boar),0,2,0
5567,1484,216,86,48,46,1.00,52,0.50,Sus scrofa (Wild boar),0,2,0
5569,1484,213,90,48,46,1.00,52,0.50,Sus scrofa (Wild boar),0,2,0
5599,1484,164,152,48,46,1.00,52,0.50,Sus scrofa (Wild boar),0,2,0
5606,1484,164,163,48,46,1.00,52,0.50,Sus scrofa (Wild boar),0,2,0
5616,1484,155,177,48,46,1.00,52,0.50,Sus scrofa (Wild boar),0,2,0
5627,1484,173,189,48,46,1.00,52,0.50,Sus scrofa (Wild boar),0,2,0
5627,1485,0,65,29,46,1.00,52,0.50,Sus scrofa (Wild boar),0,2,0
5647,1484,210,212,48,46,1.00,52,0.50,Sus scrofa (Wild boar),0,2,0
5647,1485,29,88,37,46,1.00,52,0.50,Sus scrofa (Wild boar),0,2,0
5667,1484,271,253,48,46,1.00,52,0.50,Sus scrofa (Wild boar),0,2,0
5667,1485,79,118,37,46,1.00,52,0.50,Sus scrofa (Wild boar),0,2,0
5697,1484,347,294,48,46,1.00,52,0.50,Sus scrofa (Wild boar),0,2,0
5697,1485,148,154,37,46,1.00,52,0.50,Sus scrofa (Wild boar),0,2,0
5697,1486,0,327,36,32,1.00,47,1.00,Sus scrofa (Wild boar),0,0,0
5717,1484,398,330,48,46,1.00,52,0.50,Sus scrofa (Wild boar),0,2,0
5717,1485,196,185,37,46,1.00,52,0.50,Sus scrofa (Wild boar),0,2,0
5717,1486,36,354,56,32,1.00,47,1.00,Sus scrofa (Wild boar),0,0,0
5737,1484,453,365,48,46,1.00,52,0.50,Sus scrofa (Wild boar),0,2,0
5737,1485,240,216,37,46,1.00,52,0.50,Sus scrofa (Wild boar),0,2,0
5737,1486,80,385,56,32,1.00,47,1.00,Sus scrofa (Wild boar),0,0,0
5757,1484,500,393,48,46,1.00,52,0.50,Sus scrofa (Wild boar),0,2,0
5757,1485,287,244,37,46,1.00,52,0.50,Sus scrofa (Wild boar),0,2,0
5757,1486,127,413,56,32,1.00,47,1.00,Sus scrofa (Wild boar),0,0,0
5779,1484,550,422,48,46,1.00,52,0.50,Sus scrofa (Wild boar),0,2,0
5779,1485,325,270,37,46,1.00,52,0.50,Sus scrofa (Wild boar),0,2,0
5779,1486,165,437,56,32,1.00,47,1.00,Sus scrofa (Wild boar),0,0,0
5787,1484,557,429,48,46,1.00,52,0.50,Sus scrofa (Wild boar),0,2,0
5787,1485,344,280,37,46,1.00,52,0.50,Sus scrofa (Wild boar),0,2,0
5787,1486,184,449,56,32,1.00,47,1.00,Sus scrofa (Wild boar),0,0,0
5807,1484,607,456,48,46,1.00,52,0.50,Sus scrofa (Wild boar),0,2,0
5807,1485,384,302,37,46,1.00,52,0.50,Sus scrofa (Wild boar),0,2,0
5807,1486,224,471,56,32,1.00,47,1.00,Sus scrofa (Wild boar),0,0,0
5807,1487,295,590,37,43,1.00,48,0.50,Sus scrofa (Wild boar),0,0,0
5809,1484,619,463,48,46,1.00,52,0.50,Sus scrofa (Wild boar),0,2,0
5817,1484,630,469,48,46,1.00,52,0.50,Sus scrofa (Wild boar),0,2,0
5817,1485,403,315,37,46,1.00,52,0.50,Sus scrofa (Wild boar),0,2,0
5817,1486,246,482,56,32,1.00,47,1.00,Sus scrofa (Wild boar),0,0,0
5817,1487,317,601,37,43,1.00,48,0.50,Sus scrofa (Wild boar),0,0,0
5837,1484,681,502,48,46,1.00,52,0.50,Sus scrofa (Wild boar),0,2,0
5837,1485,444,343,37,46,1.00,52,0.50,Sus scrofa (Wild boar),0,2,0
5837,1486,287,510,56,32,1.00,47,1.00,Sus scrofa (Wild boar),0,0,0
5837,1487,359,624,37,43,1.00,48,0.50,Sus scrofa (Wild boar),0,0,0
5857,1484,727,529,48,46,1.00,52,0.50,Sus scrofa (Wild boar),0,2,0
5857,1485,487,371,37,46,1.00,52,0.50,Sus scrofa (Wild boar),0,2,0
5857,1486,322,533,56,32,1.00,47,1.00,Sus scrofa (Wild boar),0,0,0
5857,1487,394,647,37,43,1.00,48,0.50,Sus scrofa (Wild boar),0,0,0
5877,1484,765,553,48,46,1.00,52,0.50,Sus scrofa (Wild boar),0,2,0
5877,1485,525,395,37,46,1.00,52,0.50,Sus scrofa (Wild boar),0,2,0
5877,1486,360,557,56,32,1.00,47,1.00,Sus scrofa (Wild boar),0,0,0
5877,1487,432,671,37,43,1.00,48,0.50,Sus scrofa (Wild boar),0,0,0
5907,1484,833,591,48,46,1.00,52,0.50,Sus scrofa (Wild boar),0,2,0
5907,1485,585,431,37,46,1.00,52,0.50,Sus scrofa (Wild boar),0,2,0
5907,1486,420,593,56,32,1.00,47,1.00,Sus scrofa (Wild boar),0,0,0
5907,1487,492,707,37,43,1.00,48,0.50,Sus scrofa (Wild boar),0,0,0
5918,1484,859,606,48,46,1.00,52,0.50,Sus scrofa (Wild boar),0,2,0
5918,1485,607,444,37,46,1.00,52,0.50,Sus scrofa (Wild boar),0,2,0
5918,1487,514,720,37,43,1.00,48,0.50,Sus scrofa (Wild boar),0,0,0
5929,1484,885,625,48,46,1.00,52,0.50,Sus scrofa (Wild boar),0,2,0
5937,1484,904,631,48,46,1.00,52,0.50,Sus scrofa (Wild boar),0,2,0
5937,1485,645,466,37,46,1.00,52,0.50,Sus scrofa (Wild boar),0,2,0
5937,1486,475,627,56,32,1.00,47,1.00,Sus scrofa (Wild boar),0,0,0
5937,1487,551,743,37,43,1.00,48,0.50,Sus scrofa (Wild boar),0,0,0
5957,1484,945,661,48,46,1.00,52,0.50,Sus scrofa (Wild boar),0,2,0
5957,1485,680,491,37,46,1.00,52,0.50,Sus scrofa (Wild boar),0,2,0
5957,1486,510,652,56,32,1.00,47,1.00,Sus scrofa (Wild boar),0,0,0
5957,1487,586,768,37,43,1.00,48,0.50,Sus scrofa (Wild boar),0,0,0
5977,1484,1000,685,24,46,1.00,52,0.50,Sus scrofa (Wild boar),0,2,0
5977,1485,722,515,37,46,1.00,52,0.50,Sus scrofa (Wild boar),0,2,0
5977,1486,552,676,56,32,1.00,47,1.00,Sus scrofa (Wild boar),0,0,0
5977,1487,628,792,37,43,1.00,48,0.50,Sus scrofa (Wild boar),0,0,0
5989,1486,572,687,56,32,1.00,48,0.50,Sus scrofa (Wild boar),0,0,0
5997,1485,761,539,37,46,1.00,52,0.50,Sus scrofa (Wild boar),0,2,0
5997,1486,586,695,56,32,1.00,47,1.00,Sus scrofa (Wild boar),0,0,0
5997,1487,662,811,37,43,1.00,48,0.50,Sus scrofa (Wild boar),0,0,0
6017,1485,803,564,37,46,1.00,52,0.50,Sus scrofa (Wild boar),0,2,0
6017,1486,628,720,56,32,1.00,47,1.00,Sus scrofa (Wild boar),0,0,0
6017,1487,704,836,37,43,1.00,48,0.50,Sus scrofa (Wild boar),0,0,0
6019,1486,632,723,56,32,1.00,47,1.00,Sus scrofa (Wild boar),0,0,0
6037,1485,845,590,37,46,1.00,52,0.50,Sus scrofa (Wild boar),0,2,0
6037,1486,664,746,56,32,1.00,47,1.00,Sus scrofa (Wild boar),0,0,0
6037,1487,739,852,37,43,1.00,48,0.50,Sus scrofa (Wild boar),0,0,0
6049,1485,868,603,37,46,1.00,52,0.50,Sus scrofa (Wild boar),0,2,0
6077,1485,920,633,37,46,1.00,52,0.50,Sus scrofa (Wild boar),0,2,0
6077,1486,748,789,56,32,1.00,47,1.00,Sus scrofa (Wild boar),0,0,0
6077,1487,823,908,37,43,1.00,48,0.50,Sus scrofa (Wild boar),0,0,0
6079,1486,752,791,56,32,1.00,47,1.00,Sus scrofa (Wild boar),0,0,0
6107,1485,975,669,37,46,1.00,52,0.50,Sus scrofa (Wild boar),0,2,0
6107,1486,803,825,56,32,1.00,47,1.00,Sus scrofa (Wild boar),0,0,0
6109,1486,795,827,56,32,1.00,47,1.00,Sus scrofa (Wild boar),0,0,0
6127,1485,1005,693,19,46,1.00,52,0.50,Sus scrofa (Wild boar),0,2,0
6127,1486,825,847,56,32,1.00,47,1.00,Sus scrofa (Wild boar),0,0,0
6139,1486,851,867,56,32,1.00,48,0.50,Sus scrofa (Wild boar),0,0,0
6187,1486,939,919,56,32,1.00,47,1.00,Sus scrofa (Wild boar),0,0,0
6882,1488,652,891,55,35,1.00,52,0.50,Sus scrofa (Wild boar),0,2,0
6922,1488,580,846,55,39,1.00,52,0.50,Sus scrofa (Wild boar),0,2,0
6962,1488,506,802,55,39,1.00,52,0.50,Sus scrofa (Wild boar),0,2,0
6987,1488,458,770,55,39,1.00,52,0.50,Sus scrofa (Wild boar),0,2,0
6992,1488,450,768,55,39,1.00,52,0.50,Sus scrofa (Wild boar),0,2,0
7007,1488,419,747,55,39,1.00,52,0.50,Sus scrofa (Wild boar),0,2,0
7022,1488,392,731,55,39,1.00,52,0.50,Sus scrofa (Wild boar),0,2,0
7037,1488,368,714,55,39,1.00,52,0.50,Sus scrofa (Wild boar),0,2,0
7042,1488,360,708,55,39,1.00,52,0.50,Sus scrofa (Wild boar),0,2,0
7042,1489,210,894,52,34,1.00,52,0.50,Sus scrofa (Wild boar),0,2,0
7057,1488,327,685,55,39,1.00,52,0.50,Sus scrofa (Wild boar),0,2,0
7062,1488,303,673,55,39,1.00,52,0.50,Sus scrofa (Wild boar),0,2,0
7062,1489,177,872,52,34,1.00,52,0.50,Sus scrofa (Wild boar),0,2,0
7067,1488,307,673,55,39,1.00,52,0.50,Sus scrofa (Wild boar),0,2,0
7087,1488,273,654,55,39,1.00,52,0.50,Sus scrofa (Wild boar),0,2,0
7092,1488,251,639,55,39,1.00,52,0.50,Sus scrofa (Wild boar),0,2,0
7092,1489,125,838,52,34,1.00,52,0.50,Sus scrofa (Wild boar),0,2,0
7092,1490,482,895,43,40,1.00,52,0.50,Sus scrofa (Wild boar),0,2,0
7107,1489,97,818,52,34,1.00,52,0.50,Sus scrofa (Wild boar),0,2,0
7112,1489,92,821,52,34,1.00,52,0.50,Sus scrofa (Wild boar),0,2,0
7112,1490,444,864,43,40,1.00,52,0.50,Sus scrofa (Wild boar),0,2,0
7117,1490,436,853,43,40,1.00,52,0.50,Sus scrofa (Wild boar),0,2,0
7142,1489,36,778,52,34,1.00,52,0.50,Sus scrofa (Wild boar),0,2,0
7142,1490,388,821,43,40,1.00,52,0.50,Sus scrofa (Wild boar),0,2,0
7172,1490,329,782,43,40,1.00,52,0.50,Sus scrofa (Wild boar),0,2,0
7202,1490,266,745,43,40,1.00,52,0.50,Sus scrofa (Wild boar),0,2,0
7232,1490,209,694,43,40,1.00,52,0.50,Sus scrofa (Wild boar),0,2,0
7252,1490,168,673,43,40,1.00,52,0.50,Sus scrofa (Wild boar),0,2,0
7282,1490,114,637,43,40,1.00,52,0.50,Sus scrofa (Wild boar),0,2,0
7312,1490,58,597,43,40,1.00,52,0.50,Sus scrofa (Wild boar),0,2,0
7345,1490,0,551,38,40,1.00,52,0.50,Sus scrofa (Wild boar),0,2,0
7783,1491,253,84,37,30,1.00,42,1.00,Canis lupus familiaris (Dog),0,0,0
7803,1491,297,104,37,30,1.00,42,1.00,Canis lupus familiaris (Dog),0,0,0
7803,1492,336,93,32,31,1.00,22,1.00,Homo sapiens (Human),0,0,0
7823,1491,336,137,37,30,1.00,42,1.00,Canis lupus familiaris (Dog),0,0,0
7823,1492,367,141,32,31,1.00,22,1.00,Homo sapiens (Human),0,0,0
7853,1491,401,181,37,30,1.00,42,1.00,Canis lupus familiaris (Dog),0,0,0
7853,1492,420,216,32,31,1.00,22,1.00,Homo sapiens (Human),0,0,0
7863,1491,426,198,37,34,1.00,42,1.00,Canis lupus familiaris (Dog),0,0,0
7863,1492,446,248,32,31,1.00,22,1.00,Homo sapiens (Human),0,0,0
7863,1493,338,78,45,43,1.00,52,0.50,Sus scrofa (Wild boar),0,2,0
7893,1491,488,235,37,34,1.00,42,1.00,Canis lupus familiaris (Dog),0,0,0
7893,1492,503,322,32,31,1.00,22,1.00,Homo sapiens (Human),0,0,0
7893,1493,404,146,45,43,1.00,52,0.50,Sus scrofa (Wild boar),0,2,0
7913,1491,529,261,37,34,1.00,42,1.00,Canis lupus familiaris (Dog),0,0,0
7913,1492,545,370,32,31,1.00,22,1.00,Homo sapiens (Human),0,0,0
7913,1493,444,186,45,43,1.00,52,0.50,Sus scrofa (Wild boar),0,2,0
7933,1491,568,293,37,34,1.00,42,1.00,Canis lupus familiaris (Dog),0,0,0
7933,1492,587,418,32,31,1.00,22,1.00,Homo sapiens (Human),0,0,0
7933,1493,489,227,45,43,1.00,52,0.50,Sus scrofa (Wild boar),0,2,0
7963,1491,630,339,37,34,1.00,42,1.00,Canis lupus familiaris (Dog),0,0,0
7963,1492,644,494,32,31,1.00,22,1.00,Homo sapiens (Human),0,0,0
7963,1493,565,281,45,43,1.00,52,0.50,Sus scrofa (Wild boar),0,2,0
7983,1491,659,387,37,34,1.00,42,1.00,Canis lupus familiaris (Dog),0,0,0
7983,1492,681,528,32,31,1.00,22,1.00,Homo sapiens (Human),0,0,0
7983,1493,607,311,45,43,1.00,52,0.50,Sus scrofa (Wild boar),0,2,0
8003,1491,689,471,37,34,1.00,42,1.00,Canis lupus familiaris (Dog),0,0,0
8003,1492,717,571,32,31,1.00,22,1.00,Homo sapiens (Human),0,0,0
8003,1493,646,343,45,43,1.00,52,0.50,Sus scrofa (Wild boar),0,2,0
8013,1491,712,527,37,34,1.00,42,1.00,Canis lupus familiaris (Dog),0,0,0
8013,1492,743,595,32,31,1.00,22,1.00,Homo sapiens (Human),0,0,0
8013,1493,668,359,45,43,1.00,52,0.50,Sus scrofa (Wild boar),0,2,0
8023,1491,736,577,37,34,1.00,42,1.00,Canis lupus familiaris (Dog),0,0,0
8023,1492,759,607,32,31,1.00,22,1.00,Homo sapiens (Human),0,0,0
8023,1493,689,367,45,43,1.00,52,0.50,Sus scrofa (Wild boar),0,2,0
8043,1491,778,665,37,34,1.00,42,1.00,Canis lupus familiaris (Dog),0,0,0
8043,1492,799,651,32,31,1.00,22,1.00,Homo sapiens (Human),0,0,0
8043,1493,723,386,45,43,1.00,52,0.50,Sus scrofa (Wild boar),0,2,0
8063,1491,821,732,37,34,1.00,42,1.00,Canis lupus familiaris (Dog),0,0,0
8063,1492,838,710,32,31,1.00,22,1.00,Homo sapiens (Human),0,0,0
8063,1493,770,425,45,43,1.00,52,0.50,Sus scrofa (Wild boar),0,2,0
8083,1491,869,796,37,34,1.00,42,1.00,Canis lupus familiaris (Dog),0,0,0
8083,1492,878,760,32,31,1.00,22,1.00,Homo sapiens (Human),0,0,0
8083,1493,808,450,45,43,1.00,52,0.50,Sus scrofa (Wild boar),0,2,0
8086,1491,876,802,37,34,1.00,42,1.00,Canis lupus familiaris (Dog),0,0,0
8086,1492,882,764,32,31,1.00,22,1.00,Homo sapiens (Human),0,0,0
8096,1492,897,784,32,31,1.00,22,1.00,Homo sapiens (Human),0,0,0
8096,1493,839,474,45,43,1.00,52,0.50,Sus scrofa (Wild boar),0,2,0
8103,1491,917,830,37,34,1.00,42,1.00,Canis lupus familiaris (Dog),0,0,0
8103,1492,902,807,32,31,1.00,22,1.00,Homo sapiens (Human),0,0,0
8103,1493,850,489,45,43,1.00,52,0.50,Sus scrofa (Wild boar),0,2,0
8123,1491,953,855,37,34,1.00,42,1.00,Canis lupus familiaris (Dog),0,0,0
8123,1492,932,843,32,31,1.00,22,1.00,Homo sapiens (Human),0,0,0
8123,1493,890,512,45,43,1.00,52,0.50,Sus scrofa (Wild boar),0,2,0
8143,1491,986,878,37,34,1.00,42,1.00,Canis lupus familiaris (Dog),0,0,0
8143,1492,965,896,32,31,1.00,22,1.00,Homo sapiens (Human),0,0,0
8143,1493,923,538,45,43,1.00,52,0.50,Sus scrofa (Wild boar),0,2,0
8163,1492,1012,938,12,31,1.00,22,1.00,Homo sapiens (Human),0,0,0
8163,1493,976,575,45,43,1.00,52,0.50,Sus scrofa (Wild boar),0,2,0
8166,1493,982,578,42,43,1.00,52,0.50,Sus scrofa (Wild boar),0,2,0
8183,1493,1013,595,11,43,1.00,52,0.50,Sus scrofa (Wild boar),0,2,0
