1818,168,549,228,37,33,1.00,24,0.50,Capra ibex (Alpine ibex),0,2,0
1838,168,472,228,37,33,1.00,24,0.50,Capra ibex (Alpine ibex),0,2,0
1848,168,434,225,37,33,1.00,24,0.50,Capra ibex (Alpine ibex),0,2,0
1868,168,364,231,37,33,1.00,24,0.50,Capra ibex (Alpine ibex),0,2,0
1876,168,343,228,37,33,1.00,24,0.50,Capra ibex (Alpine ibex),0,2,0
1877,168,236,231,37,33,1.00,24,0.50,Capra ibex (Alpine ibex),0,2,0
1889,168,194,231,37,33,1.00,24,0.50,Capra ibex (Alpine ibex),0,2,0
1909,168,129,235,37,33,1.00,24,0.50,Capra ibex (Alpine ibex),0,2,0
1922,169,974,480,44,41,1.00,28,1.00,Aves (Bird),0,0,0
1929,168,60,234,37,33,1.00,24,0.50,Capra ibex (Alpine ibex),0,2,0
1932,168,51,235,37,33,1.00,24,0.50,Capra ibex (Alpine ibex),0,2,0
1932,169,886,479,44,41,1.00,28,1.00,Aves (Bird),0,0,0
1937,168,36,236,37,33,1.00,24,0.50,Capra ibex (Alpine ibex),0,2,0
1938,168,33,236,37,33,1.00,24,0.50,Capra ibex (Alpine ibex),0,2,0
1941,168,27,235,37,33,1.00,24,0.50,Capra ibex (Alpine ibex),0,2,0
1942,168,26,236,37,33,1.00,24,0.50,Capra ibex (Alpine ibex),0,2,0
1942,169,799,479,44,41,1.00,28,1.00,Aves (Bird),0,0,0
1943,168,24,238,37,33,1.00,24,0.50,Capra ibex (Alpine ibex),0,2,0
1948,168,2,238,37,33,1.00,24,0.50,Capra ibex (Alpine ibex),0,2,0
1952,169,719,478,44,41,1.00,28,1.00,Aves (Bird),0,0,0
1962,169,635,481,44,41,1.00,28,1.00,Aves (Bird),0,0,0
1972,169,543,477,44,41,1.00,28,1.00,Aves (Bird),0,0,0
1982,169,470,476,44,41,1.00,28,1.00,Aves (Bird),0,0,0
1992,169,392,476,44,41,1.00,28,1.00,Aves (Bird),0,0,0
1993,169,383,478,44,41,1.00,28,1.00,Aves (Bird),0,0,0
2002,169,314,476,44,41,1.00,28,1.00,Aves (Bird),0,0,0
2012,169,242,476,44,41,1.00,28,1.00,Aves (Bird),0,0,0
2022,169,170,475,44,41,1.00,28,1.00,Aves (Bird),0,0,0
2023,169,163,472,44,41,1.00,28,1.00,Aves (Bird),0,0,0
2032,169,103,475,44,41,1.00,28,1.00,Aves (Bird),0,0,0
2042,169,29,477,44,41,1.00,28,1.00,Aves (Bird),0,0,0
2047,169,3,472,44,41,1.00,28,1.00,Aves (Bird),0,0,0
4053,170,0,266,37,32,1.00,23,1.00,Capra ibex (Alpine ibex),0,2,0
4053,179,0,126,10,29,1.00,22,0.50,Capra ibex (Alpine ibex),0,1,0
4055,179,0,126,16,29,1.00,21,1.00,Capra ibex (Alpine ibex),0,1,0
4056,179,0,126,19,29,1.00,21,1.00,Capra ibex (Alpine ibex),0,1,0
4065,170,33,265,39,32,1.00,23,1.00,Capra ibex (Alpine ibex),0,2,0
4065,175,0,149,15,34,1.00,21,1.00,Capra ibex (Alpine ibex),0,1,0
4065,176,0,172,21,36,1.00,21,1.00,Capra ibex (Alpine ibex),0,1,0
4065,179,21,125,24,29,1.00,21,1.00,Capra ibex (Alpine ibex),0,1,0
4066,175,0,149,19,34,1.00,21,1.00,Capra ibex (Alpine ibex),0,1,0
4066,176,0,172,25,36,1.00,21,1.00,Capra ibex (Alpine ibex),0,1,0
4066,179,25,125,24,29,1.00,21,1.00,Capra ibex (Alpine ibex),0,1,0
4069,170,47,264,39,32,1.00,23,1.00,Capra ibex (Alpine ibex),0,2,0
4069,171,0,203,26,41,1.00,23,1.00,Capra ibex (Alpine ibex),0,2,0
4069,175,7,148,22,34,1.00,22,0.50,Capra ibex (Alpine ibex),0,1,0
4069,176,8,171,27,36,1.00,22,0.50,Capra ibex (Alpine ibex),0,1,0
4069,179,35,124,24,29,1.00,22,0.50,Capra ibex (Alpine ibex),0,1,0
4075,175,21,149,22,34,1.00,21,1.00,Capra ibex (Alpine ibex),0,1,0
4075,176,26,172,27,36,1.00,21,1.00,Capra ibex (Alpine ibex),0,1,0
4075,179,52,125,24,29,1.00,21,1.00,Capra ibex (Alpine ibex),0,1,0
4076,175,23,149,22,34,1.00,21,1.00,Capra ibex (Alpine ibex),0,1,0
4076,176,29,172,27,36,1.00,21,1.00,Capra ibex (Alpine ibex),0,1,0
4076,179,55,125,24,29,1.00,21,1.00,Capra ibex (Alpine ibex),0,1,0
4078,170,74,265,39,32,1.00,23,1.00,Capra ibex (Alpine ibex),0,2,0
4078,171,22,204,31,41,1.00,23,1.00,Capra ibex (Alpine ibex),0,2,0
4078,172,0,350,33,33,1.00,24,0.50,Capra ibex (Alpine ibex),0,2,0
4078,174,0,270,33,23,1.00,21,1.00,Capra ibex (Alpine ibex),0,1,0
4078,175,28,149,22,34,1.00,21,1.00,Capra ibex (Alpine ibex),0,1,0
4078,176,35,172,27,36,1.00,21,1.00,Capra ibex (Alpine ibex),0,1,0
4078,177,2,219,23,14,1.00,21,1.00,Capra ibex (Alpine ibex),0,1,0
4078,178,0,225,23,23,1.00,21,1.00,Capra ibex (Alpine ibex),0,1,0
4078,179,61,125,24,29,1.00,21,1.00,Capra ibex (Alpine ibex),0,1,0
4086,174,24,267,35,23,1.00,21,1.00,Capra ibex (Alpine ibex),0,1,0
4086,175,54,148,22,34,1.00,21,1.00,Capra ibex (Alpine ibex),0,1,0
4086,176,60,171,27,36,1.00,21,1.00,Capra ibex (Alpine ibex),0,1,0
4086,177,28,216,23,14,1.00,21,1.00,Capra ibex (Alpine ibex),0,1,0
4086,178,25,222,24,23,1.00,21,1.00,Capra ibex (Alpine ibex),0,1,0
4086,179,84,124,24,29,1.00,21,1.00,Capra ibex (Alpine ibex),0,1,0
4089,170,110,261,39,32,1.00,23,1.00,Capra ibex (Alpine ibex),0,2,0
4089,171,60,197,31,41,1.00,23,1.00,Capra ibex (Alpine ibex),0,2,0
4089,172,23,351,46,33,1.00,24,0.50,Capra ibex (Alpine ibex),0,2,0
4089,173,0,663,45,40,1.00,24,0.50,Capra ibex (Alpine ibex),0,2,0
4089,174,34,266,35,23,1.00,21,1.00,Capra ibex (Alpine ibex),0,1,0
4089,175,64,147,22,34,1.00,21,1.00,Capra ibex (Alpine ibex),0,1,0
4089,176,69,170,27,36,1.00,21,1.00,Capra ibex (Alpine ibex),0,1,0
4089,177,38,215,23,14,1.00,21,1.00,Capra ibex (Alpine ibex),0,1,0
4089,178,35,221,24,23,1.00,21,1.00,Capra ibex (Alpine ibex),0,1,0
4089,179,93,124,24,29,1.00,21,1.00,Capra ibex (Alpine ibex),0,1,0
4092,170,121,262,39,32,1.00,23,1.00,Capra ibex (Alpine ibex),0,2,0
4092,171,68,198,31,41,1.00,23,1.00,Capra ibex (Alpine ibex),0,2,0
4092,172,31,354,46,33,1.00,24,0.50,Capra ibex (Alpine ibex),0,2,0
4092,173,7,666,46,40,1.00,24,0.50,Capra ibex (Alpine ibex),0,2,0
4092,174,42,267,35,23,1.00,22,0.50,Capra ibex (Alpine ibex),0,1,0
4092,175,73,145,22,34,1.00,22,0.50,Capra ibex (Alpine ibex),0,1,0
4092,176,77,170,27,36,1.00,22,0.50,Capra ibex (Alpine ibex),0,1,0
4092,177,46,218,23,14,1.00,22,0.50,Capra ibex (Alpine ibex),0,1,0
4092,178,43,224,24,23,1.00,22,0.50,Capra ibex (Alpine ibex),0,1,0
4092,179,102,121,24,29,1.00,22,0.50,Capra ibex (Alpine ibex),0,1,0
4095,174,51,266,35,23,1.00,21,1.00,Capra ibex (Alpine ibex),0,1,0
4095,175,82,145,22,34,1.00,21,1.00,Capra ibex (Alpine ibex),0,1,0
4095,176,86,169,27,36,1.00,21,1.00,Capra ibex (Alpine ibex),0,1,0
4095,177,55,217,23,14,1.00,21,1.00,Capra ibex (Alpine ibex),0,1,0
4095,178,52,223,24,23,1.00,21,1.00,Capra ibex (Alpine ibex),0,1,0
4095,179,112,120,24,29,1.00,21,1.00,Capra ibex (Alpine ibex),0,1,0
4096,174,54,266,35,23,1.00,21,1.00,Capra ibex (Alpine ibex),0,1,0
4096,175,85,145,22,34,1.00,21,1.00,Capra ibex (Alpine ibex),0,1,0
4096,176,89,169,27,36,1.00,21,1.00,Capra ibex (Alpine ibex),0,1,0
4096,177,58,217,23,14,1.00,21,1.00,Capra ibex (Alpine ibex),0,1,0
4096,178,55,223,24,23,1.00,21,1.00,Capra ibex (Alpine ibex),0,1,0
4096,179,115,119,24,29,1.00,21,1.00,Capra ibex (Alpine ibex),0,1,0
4102,170,152,262,39,32,1.00,23,1.00,Capra ibex (Alpine ibex),0,2,0
4102,171,102,193,31,41,1.00,23,1.00,Capra ibex (Alpine ibex),0,2,0
4102,172,61,351,46,33,1.00,24,0.50,Capra ibex (Alpine ibex),0,2,0
4102,173,37,663,46,40,1.00,24,0.50,Capra ibex (Alpine ibex),0,2,0
4102,174,72,264,35,23,1.00,22,0.50,Capra ibex (Alpine ibex),0,1,0
4102,175,103,145,22,34,1.00,22,0.50,Capra ibex (Alpine ibex),0,1,0
4102,176,107,168,27,36,1.00,22,0.50,Capra ibex (Alpine ibex),0,1,0
4102,177,76,215,23,14,1.00,22,0.50,Capra ibex (Alpine ibex),0,1,0
4102,178,73,221,24,23,1.00,22,0.50,Capra ibex (Alpine ibex),0,1,0
4102,179,134,116,24,29,1.00,22,0.50,Capra ibex (Alpine ibex),0,1,0
4105,174,81,264,35,23,1.00,21,1.00,Capra ibex (Alpine ibex),0,1,0
4105,175,112,144,22,34,1.00,21,1.00,Capra ibex (Alpine ibex),0,1,0
4105,176,115,167,27,36,1.00,21,1.00,Capra ibex (Alpine ibex),0,1,0
4105,177,85,215,23,14,1.00,21,1.00,Capra ibex (Alpine ibex),0,1,0
4105,178,82,221,24,23,1.00,21,1.00,Capra ibex (Alpine ibex),0,1,0
4105,179,143,116,24,29,1.00,21,1.00,Capra ibex (Alpine ibex),0,1,0
4106,174,84,264,35,23,1.00,21,1.00,Capra ibex (Alpine ibex),0,1,0
4106,175,115,143,22,34,1.00,21,1.00,Capra ibex (Alpine ibex),0,1,0
4106,176,118,167,27,36,1.00,21,1.00,Capra ibex (Alpine ibex),0,1,0
4106,177,88,215,23,14,1.00,21,1.00,Capra ibex (Alpine ibex),0,1,0
4106,178,85,221,24,23,1.00,21,1.00,Capra ibex (Alpine ibex),0,1,0
4106,179,146,116,24,29,1.00,21,1.00,Capra ibex (Alpine ibex),0,1,0
4112,170,187,259,39,32,1.00,23,1.00,Capra ibex (Alpine ibex),0,2,0
4112,171,133,194,31,41,1.00,23,1.00,Capra ibex (Alpine ibex),0,2,0
4112,172,91,352,46,33,1.00,24,0.50,Capra ibex (Alpine ibex),0,2,0
4112,173,67,664,46,40,1.00,24,0.50,Capra ibex (Alpine ibex),0,2,0
4112,174,102,265,35,23,1.00,22,0.50,Capra ibex (Alpine ibex),0,1,0
4112,175,133,141,22,34,1.00,22,0.50,Capra ibex (Alpine ibex),0,1,0
4112,176,135,166,27,36,1.00,22,0.50,Capra ibex (Alpine ibex),0,1,0
4112,177,106,216,23,14,1.00,22,0.50,Capra ibex (Alpine ibex),0,1,0
4112,178,103,222,24,23,1.00,22,0.50,Capra ibex (Alpine ibex),0,1,0
4112,179,164,117,24,29,1.00,22,0.50,Capra ibex (Alpine ibex),0,1,0
4115,174,112,265,35,23,1.00,21,1.00,Capra ibex (Alpine ibex),0,1,0
4115,175,141,140,22,34,1.00,21,1.00,Capra ibex (Alpine ibex),0,1,0
4115,176,144,165,27,36,1.00,21,1.00,Capra ibex (Alpine ibex),0,1,0
4115,177,115,215,23,14,1.00,21,1.00,Capra ibex (Alpine ibex),0,1,0
4115,178,111,222,24,23,1.00,21,1.00,Capra ibex (Alpine ibex),0,1,0
4115,179,173,117,24,29,1.00,21,1.00,Capra ibex (Alpine ibex),0,1,0
4116,174,115,265,35,23,1.00,21,1.00,Capra ibex (Alpine ibex),0,1,0
4116,175,144,140,22,34,1.00,21,1.00,Capra ibex (Alpine ibex),0,1,0
4116,176,147,165,27,36,1.00,21,1.00,Capra ibex (Alpine ibex),0,1,0
4116,177,118,215,23,14,1.00,21,1.00,Capra ibex (Alpine ibex),0,1,0
4116,178,114,222,24,23,1.00,21,1.00,Capra ibex (Alpine ibex),0,1,0
4116,179,176,117,24,29,1.00,21,1.00,Capra ibex (Alpine ibex),0,1,0
4132,170,253,258,39,32,1.00,23,1.00,Capra ibex (Alpine ibex),0,2,0
4132,171,194,184,31,41,1.00,23,1.00,Capra ibex (Alpine ibex),0,2,0
4132,172,154,351,46,33,1.00,24,0.50,Capra ibex (Alpine ibex),0,2,0
4132,173,133,663,46,40,1.00,24,0.50,Capra ibex (Alpine ibex),0,2,0
4132,174,166,265,35,23,1.00,22,0.50,Capra ibex (Alpine ibex),0,1,0
4132,175,188,136,22,34,1.00,22,0.50,Capra ibex (Alpine ibex),0,1,0
4132,176,193,162,27,36,1.00,22,0.50,Capra ibex (Alpine ibex),0,1,0
4132,177,167,212,23,14,1.00,22,0.50,Capra ibex (Alpine ibex),0,1,0
4132,178,160,221,24,23,1.00,22,0.50,Capra ibex (Alpine ibex),0,1,0
4132,179,223,117,24,29,1.00,22,0.50,Capra ibex (Alpine ibex),0,1,0
4135,174,175,265,35,23,1.00,21,1.00,Capra ibex (Alpine ibex),0,1,0
4135,175,199,135,22,34,1.00,21,1.00,Capra ibex (Alpine ibex),0,1,0
4135,176,203,161,27,36,1.00,21,1.00,Capra ibex (Alpine ibex),0,1,0
4135,177,177,212,23,14,1.00,21,1.00,Capra ibex (Alpine ibex),0,1,0
4135,178,170,221,24,23,1.00,21,1.00,Capra ibex (Alpine ibex),0,1,0
4135,179,233,116,24,29,1.00,21,1.00,Capra ibex (Alpine ibex),0,1,0
4136,174,178,265,35,23,1.00,21,1.00,Capra ibex (Alpine ibex),0,1,0
4136,175,202,134,22,34,1.00,21,1.00,Capra ibex (Alpine ibex),0,1,0
4136,176,206,160,27,36,1.00,21,1.00,Capra ibex (Alpine ibex),0,1,0
4136,177,180,212,23,14,1.00,21,1.00,Capra ibex (Alpine ibex),0,1,0
4136,178,173,221,24,23,1.00,21,1.00,Capra ibex (Alpine ibex),0,1,0
4136,179,236,116,24,29,1.00,21,1.00,Capra ibex (Alpine ibex),0,1,0
4147,170,306,256,39,32,1.00,23,1.00,Capra ibex (Alpine ibex),0,2,0
4147,171,243,185,31,41,1.00,23,1.00,Capra ibex (Alpine ibex),0,2,0
4147,174,212,264,35,23,1.00,22,0.50,Capra ibex (Alpine ibex),0,1,0
4147,175,239,129,22,34,1.00,22,0.50,Capra ibex (Alpine ibex),0,1,0
4147,176,241,155,27,36,1.00,22,0.50,Capra ibex (Alpine ibex),0,1,0
4147,177,215,211,23,14,1.00,22,0.50,Capra ibex (Alpine ibex),0,1,0
4147,178,209,220,24,23,1.00,22,0.50,Capra ibex (Alpine ibex),0,1,0
4147,179,272,113,24,29,1.00,22,0.50,Capra ibex (Alpine ibex),0,1,0
4152,170,321,254,39,32,1.00,23,1.00,Capra ibex (Alpine ibex),0,2,0
4152,171,262,183,31,41,1.00,23,1.00,Capra ibex (Alpine ibex),0,2,0
4152,172,218,350,46,33,1.00,24,0.50,Capra ibex (Alpine ibex),0,2,0
4152,173,201,667,46,40,1.00,24,0.50,Capra ibex (Alpine ibex),0,2,0
4152,174,227,263,35,23,1.00,22,0.50,Capra ibex (Alpine ibex),0,1,0
4152,175,256,126,22,34,1.00,22,0.50,Capra ibex (Alpine ibex),0,1,0
4152,176,257,153,27,36,1.00,22,0.50,Capra ibex (Alpine ibex),0,1,0
4152,177,231,210,23,14,1.00,22,0.50,Capra ibex (Alpine ibex),0,1,0
4152,178,225,219,24,23,1.00,22,0.50,Capra ibex (Alpine ibex),0,1,0
4152,179,288,112,24,29,1.00,22,0.50,Capra ibex (Alpine ibex),0,1,0
4155,170,332,255,39,32,1.00,23,1.00,Capra ibex (Alpine ibex),0,2,0
4155,171,273,182,31,41,1.00,23,1.00,Capra ibex (Alpine ibex),0,2,0
4155,174,237,262,35,23,1.00,21,1.00,Capra ibex (Alpine ibex),0,1,0
4155,175,265,125,22,34,1.00,21,1.00,Capra ibex (Alpine ibex),0,1,0
4155,176,267,152,27,36,1.00,21,1.00,Capra ibex (Alpine ibex),0,1,0
4155,177,240,210,23,14,1.00,21,1.00,Capra ibex (Alpine ibex),0,1,0
4155,178,236,219,24,23,1.00,21,1.00,Capra ibex (Alpine ibex),0,1,0
4155,179,299,112,24,29,1.00,21,1.00,Capra ibex (Alpine ibex),0,1,0
4156,174,240,262,35,23,1.00,21,1.00,Capra ibex (Alpine ibex),0,1,0
4156,175,268,124,22,34,1.00,21,1.00,Capra ibex (Alpine ibex),0,1,0
4156,176,270,152,27,36,1.00,21,1.00,Capra ibex (Alpine ibex),0,1,0
4156,177,243,210,23,14,1.00,21,1.00,Capra ibex (Alpine ibex),0,1,0
4156,178,239,219,24,23,1.00,21,1.00,Capra ibex (Alpine ibex),0,1,0
4156,179,302,112,24,29,1.00,21,1.00,Capra ibex (Alpine ibex),0,1,0
4157,170,339,255,39,32,1.00,23,1.00,Capra ibex (Alpine ibex),0,2,0
4157,171,280,182,31,41,1.00,23,1.00,Capra ibex (Alpine ibex),0,2,0
4162,170,356,255,39,32,1.00,23,1.00,Capra ibex (Alpine ibex),0,2,0
4162,171,298,181,31,41,1.00,23,1.00,Capra ibex (Alpine ibex),0,2,0
4162,172,246,348,46,33,1.00,24,0.50,Capra ibex (Alpine ibex),0,2,0
4162,173,236,668,46,40,1.00,24,0.50,Capra ibex (Alpine ibex),0,2,0
4162,174,260,261,35,23,1.00,22,0.50,Capra ibex (Alpine ibex),0,1,0
4162,175,285,121,22,34,1.00,22,0.50,Capra ibex (Alpine ibex),0,1,0
4162,176,289,150,27,36,1.00,22,0.50,Capra ibex (Alpine ibex),0,1,0
4162,177,261,209,23,14,1.00,22,0.50,Capra ibex (Alpine ibex),0,1,0
4162,178,260,220,24,23,1.00,22,0.50,Capra ibex (Alpine ibex),0,1,0
4162,179,323,111,24,29,1.00,22,0.50,Capra ibex (Alpine ibex),0,1,0
4165,174,271,261,35,23,1.00,22,0.50,Capra ibex (Alpine ibex),0,1,0
4165,175,295,121,22,34,1.00,22,0.50,Capra ibex (Alpine ibex),0,1,0
4165,176,300,150,27,36,1.00,22,0.50,Capra ibex (Alpine ibex),0,1,0
4165,177,272,209,23,14,1.00,22,0.50,Capra ibex (Alpine ibex),0,1,0
4165,178,269,219,24,23,1.00,22,0.50,Capra ibex (Alpine ibex),0,1,0
4165,179,332,110,24,29,1.00,22,0.50,Capra ibex (Alpine ibex),0,1,0
4166,174,275,261,35,23,1.00,21,1.00,Capra ibex (Alpine ibex),0,1,0
4166,175,298,121,22,34,1.00,21,1.00,Capra ibex (Alpine ibex),0,1,0
4166,176,303,150,27,36,1.00,21,1.00,Capra ibex (Alpine ibex),0,1,0
4166,177,275,209,23,14,1.00,21,1.00,Capra ibex (Alpine ibex),0,1,0
4166,178,272,219,24,23,1.00,21,1.00,Capra ibex (Alpine ibex),0,1,0
4166,179,335,110,24,29,1.00,21,1.00,Capra ibex (Alpine ibex),0,1,0
4172,170,393,256,39,32,1.00,23,1.00,Capra ibex (Alpine ibex),0,2,0
4172,171,335,182,31,41,1.00,23,1.00,Capra ibex (Alpine ibex),0,2,0
4172,172,283,349,46,33,1.00,24,0.50,Capra ibex (Alpine ibex),0,2,0
4172,173,273,669,46,40,1.00,24,0.50,Capra ibex (Alpine ibex),0,2,0
4172,174,297,262,35,23,1.00,22,0.50,Capra ibex (Alpine ibex),0,1,0
4172,175,318,121,22,34,1.00,22,0.50,Capra ibex (Alpine ibex),0,1,0
4172,176,323,151,27,36,1.00,22,0.50,Capra ibex (Alpine ibex),0,1,0
4172,177,296,210,23,14,1.00,22,0.50,Capra ibex (Alpine ibex),0,1,0
4172,178,289,218,24,23,1.00,22,0.50,Capra ibex (Alpine ibex),0,1,0
4172,179,354,108,24,29,1.00,22,0.50,Capra ibex (Alpine ibex),0,1,0
4176,174,309,261,35,23,1.00,21,1.00,Capra ibex (Alpine ibex),0,1,0
4176,175,331,120,22,34,1.00,21,1.00,Capra ibex (Alpine ibex),0,1,0
4176,176,336,151,27,36,1.00,21,1.00,Capra ibex (Alpine ibex),0,1,0
4176,177,309,209,23,14,1.00,21,1.00,Capra ibex (Alpine ibex),0,1,0
4176,178,302,217,24,23,1.00,21,1.00,Capra ibex (Alpine ibex),0,1,0
4176,179,368,107,24,29,1.00,21,1.00,Capra ibex (Alpine ibex),0,1,0
4192,170,466,254,39,32,1.00,23,1.00,Capra ibex (Alpine ibex),0,2,0
4192,171,405,181,31,41,1.00,23,1.00,Capra ibex (Alpine ibex),0,2,0
4192,172,349,347,46,33,1.00,24,0.50,Capra ibex (Alpine ibex),0,2,0
4192,173,343,671,46,40,1.00,24,0.50,Capra ibex (Alpine ibex),0,2,0
4192,174,359,259,35,23,1.00,22,0.50,Capra ibex (Alpine ibex),0,1,0
4192,175,382,117,22,34,1.00,22,0.50,Capra ibex (Alpine ibex),0,1,0
4192,176,388,150,27,36,1.00,22,0.50,Capra ibex (Alpine ibex),0,1,0
4192,177,362,207,23,14,1.00,22,0.50,Capra ibex (Alpine ibex),0,1,0
4192,178,354,212,24,23,1.00,22,0.50,Capra ibex (Alpine ibex),0,1,0
4192,179,423,105,24,29,1.00,22,0.50,Capra ibex (Alpine ibex),0,1,0
4196,174,372,259,35,23,1.00,21,1.00,Capra ibex (Alpine ibex),0,1,0
4196,175,396,117,22,34,1.00,21,1.00,Capra ibex (Alpine ibex),0,1,0
4196,176,402,150,27,36,1.00,21,1.00,Capra ibex (Alpine ibex),0,1,0
4196,177,375,207,23,14,1.00,21,1.00,Capra ibex (Alpine ibex),0,1,0
4196,178,367,212,24,23,1.00,21,1.00,Capra ibex (Alpine ibex),0,1,0
4196,179,437,104,24,29,1.00,21,1.00,Capra ibex (Alpine ibex),0,1,0
4197,171,420,183,31,41,1.00,23,1.00,Capra ibex (Alpine ibex),0,2,0
4202,170,502,257,39,32,1.00,23,1.00,Capra ibex (Alpine ibex),0,2,0
4202,171,441,181,31,41,1.00,23,1.00,Capra ibex (Alpine ibex),0,2,0
4212,170,538,259,39,32,1.00,23,1.00,Capra ibex (Alpine ibex),0,2,0
4212,171,477,180,31,41,1.00,23,1.00,Capra ibex (Alpine ibex),0,2,0
4212,172,420,351,46,33,1.00,24,0.50,Capra ibex (Alpine ibex),0,2,0
4212,173,415,676,46,40,1.00,24,0.50,Capra ibex (Alpine ibex),0,2,0
4212,174,425,261,35,23,1.00,22,0.50,Capra ibex (Alpine ibex),0,1,0
4212,175,453,119,22,34,1.00,22,0.50,Capra ibex (Alpine ibex),0,1,0
4212,176,456,149,27,36,1.00,22,0.50,Capra ibex (Alpine ibex),0,1,0
4212,177,429,207,23,14,1.00,22,0.50,Capra ibex (Alpine ibex),0,1,0
4212,178,421,214,24,23,1.00,22,0.50,Capra ibex (Alpine ibex),0,1,0
4212,179,491,101,24,29,1.00,22,0.50,Capra ibex (Alpine ibex),0,1,0
4216,174,439,261,35,23,1.00,21,1.00,Capra ibex (Alpine ibex),0,1,0
4216,175,466,119,22,34,1.00,21,1.00,Capra ibex (Alpine ibex),0,1,0
4216,176,470,150,27,36,1.00,21,1.00,Capra ibex (Alpine ibex),0,1,0
4216,177,443,207,23,14,1.00,21,1.00,Capra ibex (Alpine ibex),0,1,0
4216,178,433,215,24,23,1.00,21,1.00,Capra ibex (Alpine ibex),0,1,0
4216,179,505,101,24,29,1.00,21,1.00,Capra ibex (Alpine ibex),0,1,0
4222,170,578,254,39,32,1.00,23,1.00,Capra ibex (Alpine ibex),0,2,0
4222,171,513,181,31,41,1.00,23,1.00,Capra ibex (Alpine ibex),0,2,0
4222,172,453,349,46,33,1.00,24,0.50,Capra ibex (Alpine ibex),0,2,0
4222,173,453,679,46,40,1.00,24,0.50,Capra ibex (Alpine ibex),0,2,0
4222,174,461,262,35,23,1.00,22,0.50,Capra ibex (Alpine ibex),0,1,0
4222,175,485,119,22,34,1.00,22,0.50,Capra ibex (Alpine ibex),0,1,0
4222,176,490,152,27,36,1.00,22,0.50,Capra ibex (Alpine ibex),0,1,0
4222,177,463,208,23,14,1.00,22,0.50,Capra ibex (Alpine ibex),0,1,0
4222,178,452,216,24,23,1.00,22,0.50,Capra ibex (Alpine ibex),0,1,0
4222,179,526,101,24,29,1.00,22,0.50,Capra ibex (Alpine ibex),0,1,0
4226,174,474,262,35,23,1.00,21,1.00,Capra ibex (Alpine ibex),0,1,0
4226,175,499,118,22,34,1.00,21,1.00,Capra ibex (Alpine ibex),0,1,0
4226,176,503,151,27,36,1.00,21,1.00,Capra ibex (Alpine ibex),0,1,0
4226,177,476,208,23,14,1.00,21,1.00,Capra ibex (Alpine ibex),0,1,0
4226,178,466,216,24,23,1.00,21,1.00,Capra ibex (Alpine ibex),0,1,0
4226,179,540,101,24,29,1.00,21,1.00,Capra ibex (Alpine ibex),0,1,0
4232,170,616,254,39,32,1.00,23,1.00,Capra ibex (Alpine ibex),0,2,0
4232,171,551,181,31,41,1.00,23,1.00,Capra ibex (Alpine ibex),0,2,0
4232,172,488,350,46,33,1.00,24,0.50,Capra ibex (Alpine ibex),0,2,0
4232,173,488,680,46,40,1.00,24,0.50,Capra ibex (Alpine ibex),0,2,0
4232,174,493,261,35,23,1.00,22,0.50,Capra ibex (Alpine ibex),0,1,0
4232,175,520,117,22,34,1.00,22,0.50,Capra ibex (Alpine ibex),0,1,0
4232,176,523,149,27,36,1.00,22,0.50,Capra ibex (Alpine ibex),0,1,0
4232,177,496,208,23,14,1.00,22,0.50,Capra ibex (Alpine ibex),0,1,0
4232,178,487,215,24,23,1.00,22,0.50,Capra ibex (Alpine ibex),0,1,0
4232,179,561,102,24,29,1.00,22,0.50,Capra ibex (Alpine ibex),0,1,0
4236,174,507,261,35,23,1.00,21,1.00,Capra ibex (Alpine ibex),0,1,0
4236,175,534,116,22,34,1.00,21,1.00,Capra ibex (Alpine ibex),0,1,0
4236,176,537,148,27,36,1.00,21,1.00,Capra ibex (Alpine ibex),0,1,0
4236,177,510,207,23,14,1.00,21,1.00,Capra ibex (Alpine ibex),0,1,0
4236,178,501,214,24,23,1.00,21,1.00,Capra ibex (Alpine ibex),0,1,0
4236,179,575,102,24,29,1.00,21,1.00,Capra ibex (Alpine ibex),0,1,0
4242,170,651,252,39,32,1.00,23,1.00,Capra ibex (Alpine ibex),0,2,0
4242,171,587,179,31,41,1.00,23,1.00,Capra ibex (Alpine ibex),0,2,0
4242,172,523,351,46,33,1.00,24,0.50,Capra ibex (Alpine ibex),0,2,0
4242,173,523,681,46,40,1.00,24,0.50,Capra ibex (Alpine ibex),0,2,0
4242,174,528,261,35,23,1.00,22,0.50,Capra ibex (Alpine ibex),0,1,0
4242,175,555,115,22,34,1.00,22,0.50,Capra ibex (Alpine ibex),0,1,0
4242,176,558,147,27,36,1.00,22,0.50,Capra ibex (Alpine ibex),0,1,0
4242,177,530,206,23,14,1.00,22,0.50,Capra ibex (Alpine ibex),0,1,0
4242,178,522,212,24,23,1.00,22,0.50,Capra ibex (Alpine ibex),0,1,0
4242,179,596,103,24,29,1.00,22,0.50,Capra ibex (Alpine ibex),0,1,0
4246,174,543,261,35,23,1.00,21,1.00,Capra ibex (Alpine ibex),0,1,0
4246,175,569,115,22,34,1.00,21,1.00,Capra ibex (Alpine ibex),0,1,0
4246,176,573,147,27,36,1.00,21,1.00,Capra ibex (Alpine ibex),0,1,0
4246,177,544,206,23,14,1.00,21,1.00,Capra ibex (Alpine ibex),0,1,0
4246,178,535,211,24,23,1.00,21,1.00,Capra ibex (Alpine ibex),0,1,0
4246,179,610,102,24,29,1.00,21,1.00,Capra ibex (Alpine ibex),0,1,0
4252,170,693,251,39,32,1.00,23,1.00,Capra ibex (Alpine ibex),0,2,0
4252,171,625,177,31,41,1.00,23,1.00,Capra ibex (Alpine ibex),0,2,0
4252,172,556,351,46,33,1.00,24,0.50,Capra ibex (Alpine ibex),0,2,0
4252,173,567,681,46,40,1.00,24,0.50,Capra ibex (Alpine ibex),0,2,0
4252,174,565,261,35,23,1.00,22,0.50,Capra ibex (Alpine ibex),0,1,0
4252,175,589,115,22,34,1.00,22,0.50,Capra ibex (Alpine ibex),0,1,0
4252,176,596,146,27,36,1.00,22,0.50,Capra ibex (Alpine ibex),0,1,0
4252,177,566,206,23,14,1.00,22,0.50,Capra ibex (Alpine ibex),0,1,0
4252,178,555,209,24,23,1.00,22,0.50,Capra ibex (Alpine ibex),0,1,0
4252,179,631,101,24,29,1.00,22,0.50,Capra ibex (Alpine ibex),0,1,0
4256,174,579,259,35,23,1.00,21,1.00,Capra ibex (Alpine ibex),0,1,0
4256,175,603,114,22,34,1.00,21,1.00,Capra ibex (Alpine ibex),0,1,0
4256,176,610,145,27,36,1.00,21,1.00,Capra ibex (Alpine ibex),0,1,0
4256,177,580,205,23,14,1.00,21,1.00,Capra ibex (Alpine ibex),0,1,0
4256,178,569,208,24,23,1.00,21,1.00,Capra ibex (Alpine ibex),0,1,0
4256,179,645,100,24,29,1.00,21,1.00,Capra ibex (Alpine ibex),0,1,0
4262,170,729,248,39,32,1.00,23,1.00,Capra ibex (Alpine ibex),0,2,0
4262,171,661,174,31,41,1.00,23,1.00,Capra ibex (Alpine ibex),0,2,0
4262,172,592,348,46,33,1.00,24,0.50,Capra ibex (Alpine ibex),0,2,0
4262,173,603,678,46,40,1.00,24,0.50,Capra ibex (Alpine ibex),0,2,0
4262,174,599,256,35,23,1.00,22,0.50,Capra ibex (Alpine ibex),0,1,0
4262,175,625,112,22,34,1.00,22,0.50,Capra ibex (Alpine ibex),0,1,0
4262,176,632,143,27,36,1.00,22,0.50,Capra ibex (Alpine ibex),0,1,0
4262,177,602,203,23,14,1.00,22,0.50,Capra ibex (Alpine ibex),0,1,0
4262,178,591,206,24,23,1.00,22,0.50,Capra ibex (Alpine ibex),0,1,0
4262,179,667,98,24,29,1.00,22,0.50,Capra ibex (Alpine ibex),0,1,0
4266,174,613,256,35,23,1.00,21,1.00,Capra ibex (Alpine ibex),0,1,0
4266,175,640,112,22,34,1.00,21,1.00,Capra ibex (Alpine ibex),0,1,0
4266,176,647,143,27,36,1.00,21,1.00,Capra ibex (Alpine ibex),0,1,0
4266,177,617,203,23,14,1.00,21,1.00,Capra ibex (Alpine ibex),0,1,0
4266,178,606,206,24,23,1.00,21,1.00,Capra ibex (Alpine ibex),0,1,0
4266,179,682,98,24,29,1.00,21,1.00,Capra ibex (Alpine ibex),0,1,0
4272,170,769,247,39,32,1.00,23,1.00,Capra ibex (Alpine ibex),0,2,0
4272,171,702,174,31,41,1.00,23,1.00,Capra ibex (Alpine ibex),0,2,0
4272,172,629,347,46,33,1.00,24,0.50,Capra ibex (Alpine ibex),0,2,0
4272,173,640,677,46,40,1.00,24,0.50,Capra ibex (Alpine ibex),0,2,0
4272,174,634,256,35,23,1.00,22,0.50,Capra ibex (Alpine ibex),0,1,0
4272,175,662,111,22,34,1.00,22,0.50,Capra ibex (Alpine ibex),0,1,0
4272,176,669,142,27,36,1.00,22,0.50,Capra ibex (Alpine ibex),0,1,0
4272,177,639,202,23,14,1.00,22,0.50,Capra ibex (Alpine ibex),0,1,0
4272,178,628,205,24,23,1.00,22,0.50,Capra ibex (Alpine ibex),0,1,0
4272,179,704,97,24,29,1.00,22,0.50,Capra ibex (Alpine ibex),0,1,0
4276,174,648,256,35,23,1.00,21,1.00,Capra ibex (Alpine ibex),0,1,0
4276,175,676,111,22,34,1.00,21,1.00,Capra ibex (Alpine ibex),0,1,0
4276,176,682,143,27,36,1.00,21,1.00,Capra ibex (Alpine ibex),0,1,0
4276,177,651,203,23,14,1.00,21,1.00,Capra ibex (Alpine ibex),0,1,0
4276,178,642,207,24,23,1.00,21,1.00,Capra ibex (Alpine ibex),0,1,0
4276,179,719,96,24,29,1.00,21,1.00,Capra ibex (Alpine ibex),0,1,0
4282,170,808,252,39,32,1.00,23,1.00,Capra ibex (Alpine ibex),0,2,0
4282,171,740,174,31,41,1.00,23,1.00,Capra ibex (Alpine ibex),0,2,0
4282,172,665,348,46,33,1.00,24,0.50,Capra ibex (Alpine ibex),0,2,0
4282,173,671,679,46,40,1.00,24,0.50,Capra ibex (Alpine ibex),0,2,0
4282,174,670,256,35,23,1.00,22,0.50,Capra ibex (Alpine ibex),0,1,0
4282,175,696,112,22,34,1.00,22,0.50,Capra ibex (Alpine ibex),0,1,0
4282,176,702,145,27,36,1.00,22,0.50,Capra ibex (Alpine ibex),0,1,0
4282,177,670,204,23,14,1.00,22,0.50,Capra ibex (Alpine ibex),0,1,0
4282,178,663,211,24,23,1.00,22,0.50,Capra ibex (Alpine ibex),0,1,0
4282,179,741,95,24,29,1.00,22,0.50,Capra ibex (Alpine ibex),0,1,0
4286,174,685,256,35,23,1.00,21,1.00,Capra ibex (Alpine ibex),0,1,0
4286,175,711,112,22,34,1.00,21,1.00,Capra ibex (Alpine ibex),0,1,0
4286,176,717,143,27,36,1.00,21,1.00,Capra ibex (Alpine ibex),0,1,0
4286,177,685,204,23,14,1.00,21,1.00,Capra ibex (Alpine ibex),0,1,0
4286,178,678,211,24,23,1.00,21,1.00,Capra ibex (Alpine ibex),0,1,0
4286,179,756,95,24,29,1.00,21,1.00,Capra ibex (Alpine ibex),0,1,0
4292,170,852,249,39,32,1.00,23,1.00,Capra ibex (Alpine ibex),0,2,0
4292,171,782,174,31,41,1.00,23,1.00,Capra ibex (Alpine ibex),0,2,0
4292,172,702,348,46,33,1.00,24,0.50,Capra ibex (Alpine ibex),0,2,0
4292,174,707,256,35,23,1.00,22,0.50,Capra ibex (Alpine ibex),0,1,0
4292,175,733,112,22,34,1.00,22,0.50,Capra ibex (Alpine ibex),0,1,0
4292,176,739,141,27,36,1.00,22,0.50,Capra ibex (Alpine ibex),0,1,0
4292,177,707,204,23,14,1.00,22,0.50,Capra ibex (Alpine ibex),0,1,0
4292,178,700,211,24,23,1.00,22,0.50,Capra ibex (Alpine ibex),0,1,0
4292,179,778,95,24,29,1.00,22,0.50,Capra ibex (Alpine ibex),0,1,0
4296,174,722,255,35,23,1.00,21,1.00,Capra ibex (Alpine ibex),0,1,0
4296,175,748,111,22,34,1.00,21,1.00,Capra ibex (Alpine ibex),0,1,0
4296,176,754,140,27,36,1.00,21,1.00,Capra ibex (Alpine ibex),0,1,0
4296,177,722,203,23,14,1.00,21,1.00,Capra ibex (Alpine ibex),0,1,0
4296,178,715,210,24,23,1.00,21,1.00,Capra ibex (Alpine ibex),0,1,0
4296,179,793,94,24,29,1.00,21,1.00,Capra ibex (Alpine ibex),0,1,0
4302,170,891,248,39,32,1.00,23,1.00,Capra ibex (Alpine ibex),0,2,0
4302,171,819,170,31,41,1.00,23,1.00,Capra ibex (Alpine ibex),0,2,0
4302,172,739,346,46,33,1.00,24,0.50,Capra ibex (Alpine ibex),0,2,0
4302,174,744,254,35,23,1.00,22,0.50,Capra ibex (Alpine ibex),0,1,0
4302,175,770,110,22,34,1.00,22,0.50,Capra ibex (Alpine ibex),0,1,0
4302,176,776,139,27,36,1.00,22,0.50,Capra ibex (Alpine ibex),0,1,0
4302,177,744,202,23,14,1.00,22,0.50,Capra ibex (Alpine ibex),0,1,0
4302,178,737,209,24,23,1.00,22,0.50,Capra ibex (Alpine ibex),0,1,0
4302,179,815,93,24,29,1.00,22,0.50,Capra ibex (Alpine ibex),0,1,0
4306,174,758,253,35,23,1.00,21,1.00,Capra ibex (Alpine ibex),0,1,0
4306,175,784,109,22,34,1.00,21,1.00,Capra ibex (Alpine ibex),0,1,0
4306,176,790,138,27,36,1.00,21,1.00,Capra ibex (Alpine ibex),0,1,0
4306,177,759,201,23,14,1.00,21,1.00,Capra ibex (Alpine ibex),0,1,0
4306,178,752,208,24,23,1.00,21,1.00,Capra ibex (Alpine ibex),0,1,0
4306,179,829,92,24,29,1.00,21,1.00,Capra ibex (Alpine ibex),0,1,0
4309,174,768,253,35,23,1.00,22,0.50,Capra ibex (Alpine ibex),0,1,0
4309,175,794,109,22,34,1.00,22,0.50,Capra ibex (Alpine ibex),0,1,0
4309,176,800,138,27,36,1.00,22,0.50,Capra ibex (Alpine ibex),0,1,0
4309,177,771,201,23,14,1.00,22,0.50,Capra ibex (Alpine ibex),0,1,0
4309,178,764,208,24,23,1.00,22,0.50,Capra ibex (Alpine ibex),0,1,0
4309,179,839,92,24,29,1.00,21,1.00,Capra ibex (Alpine ibex),0,1,0
4312,170,931,246,39,32,1.00,23,1.00,Capra ibex (Alpine ibex),0,2,0
4312,171,860,170,31,41,1.00,23,1.00,Capra ibex (Alpine ibex),0,2,0
4312,172,773,344,46,33,1.00,24,0.50,Capra ibex (Alpine ibex),0,2,0
4312,174,778,252,35,23,1.00,22,0.50,Capra ibex (Alpine ibex),0,1,0
4312,175,804,108,22,34,1.00,22,0.50,Capra ibex (Alpine ibex),0,1,0
4312,176,810,137,27,36,1.00,22,0.50,Capra ibex (Alpine ibex),0,1,0
4312,177,782,200,23,14,1.00,22,0.50,Capra ibex (Alpine ibex),0,1,0
4312,178,775,207,24,23,1.00,22,0.50,Capra ibex (Alpine ibex),0,1,0
4312,179,849,91,24,29,1.00,22,0.50,Capra ibex (Alpine ibex),0,1,0
4316,174,794,252,35,23,1.00,21,1.00,Capra ibex (Alpine ibex),0,1,0
4316,175,820,107,22,34,1.00,21,1.00,Capra ibex (Alpine ibex),0,1,0
4316,176,827,138,27,36,1.00,21,1.00,Capra ibex (Alpine ibex),0,1,0
4316,177,798,200,23,14,1.00,21,1.00,Capra ibex (Alpine ibex),0,1,0
4316,178,789,207,24,23,1.00,21,1.00,Capra ibex (Alpine ibex),0,1,0
4316,179,865,91,24,29,1.00,21,1.00,Capra ibex (Alpine ibex),0,1,0
4319,170,960,247,39,32,1.00,23,1.00,Capra ibex (Alpine ibex),0,2,0
4319,171,891,170,31,41,1.00,23,1.00,Capra ibex (Alpine ibex),0,2,0
4322,170,973,247,39,32,1.00,23,1.00,Capra ibex (Alpine ibex),0,2,0
4322,171,904,170,31,41,1.00,23,1.00,Capra ibex (Alpine ibex),0,2,0
4322,172,812,344,46,33,1.00,24,0.50,Capra ibex (Alpine ibex),0,2,0
4322,174,817,252,35,23,1.00,22,0.50,Capra ibex (Alpine ibex),0,1,0
4322,175,843,106,22,34,1.00,22,0.50,Capra ibex (Alpine ibex),0,1,0
4322,176,852,140,27,36,1.00,22,0.50,Capra ibex (Alpine ibex),0,1,0
4322,177,821,200,23,14,1.00,22,0.50,Capra ibex (Alpine ibex),0,1,0
4322,178,811,206,24,23,1.00,22,0.50,Capra ibex (Alpine ibex),0,1,0
4322,179,888,91,24,29,1.00,22,0.50,Capra ibex (Alpine ibex),0,1,0
4326,170,989,247,35,32,1.00,23,1.00,Capra ibex (Alpine ibex),0,2,0
4326,171,920,170,31,41,1.00,23,1.00,Capra ibex (Alpine ibex),0,2,0
4326,174,833,252,35,23,1.00,21,1.00,Capra ibex (Alpine ibex),0,1,0
4326,175,859,106,22,34,1.00,21,1.00,Capra ibex (Alpine ibex),0,1,0
4326,176,868,140,27,36,1.00,21,1.00,Capra ibex (Alpine ibex),0,1,0
4326,177,835,200,23,14,1.00,21,1.00,Capra ibex (Alpine ibex),0,1,0
4326,178,827,206,24,23,1.00,21,1.00,Capra ibex (Alpine ibex),0,1,0
4326,179,904,91,24,29,1.00,21,1.00,Capra ibex (Alpine ibex),0,1,0
4332,170,1012,247,12,32,1.00,23,1.00,Capra ibex (Alpine ibex),0,2,0
4332,171,943,171,31,41,1.00,23,1.00,Capra ibex (Alpine ibex),0,2,0
4332,172,851,344,46,33,1.00,24,0.50,Capra ibex (Alpine ibex),0,2,0
4332,174,856,252,35,23,1.00,22,0.50,Capra ibex (Alpine ibex),0,1,0
4332,175,882,106,22,34,1.00,22,0.50,Capra ibex (Alpine ibex),0,1,0
4332,176,891,140,27,36,1.00,22,0.50,Capra ibex (Alpine ibex),0,1,0
4332,177,856,199,23,14,1.00,22,0.50,Capra ibex (Alpine ibex),0,1,0
4332,178,850,206,24,23,1.00,22,0.50,Capra ibex (Alpine ibex),0,1,0
4332,179,927,91,24,29,1.00,22,0.50,Capra ibex (Alpine ibex),0,1,0
4336,174,871,251,35,23,1.00,22,0.50,Capra ibex (Alpine ibex),0,1,0
4336,175,897,105,22,34,1.00,21,1.00,Capra ibex (Alpine ibex),0,1,0
4336,176,906,139,27,36,1.00,21,1.00,Capra ibex (Alpine ibex),0,1,0
4336,177,871,198,23,14,1.00,22,0.50,Capra ibex (Alpine ibex),0,1,0
4336,178,865,205,24,23,1.00,22,0.50,Capra ibex (Alpine ibex),0,1,0
4336,179,942,92,24,29,1.00,21,1.00,Capra ibex (Alpine ibex),0,1,0
4337,174,875,251,35,23,1.00,22,0.50,Capra ibex (Alpine ibex),0,1,0
4337,175,901,105,22,34,1.00,22,0.50,Capra ibex (Alpine ibex),0,1,0
4337,176,910,139,27,36,1.00,22,0.50,Capra ibex (Alpine ibex),0,1,0
4337,177,875,198,23,14,1.00,22,0.50,Capra ibex (Alpine ibex),0,1,0
4337,178,869,205,24,23,1.00,22,0.50,Capra ibex (Alpine ibex),0,1,0
4337,179,946,92,24,29,1.00,22,0.50,Capra ibex (Alpine ibex),0,1,0
4339,174,883,251,35,23,1.00,22,0.50,Capra ibex (Alpine ibex),0,1,0
4339,175,908,105,22,34,1.00,22,0.50,Capra ibex (Alpine ibex),0,1,0
4339,176,918,139,27,36,1.00,22,0.50,Capra ibex (Alpine ibex),0,1,0
4339,177,883,198,23,14,1.00,22,0.50,Capra ibex (Alpine ibex),0,1,0
4339,178,877,205,24,23,1.00,22,0.50,Capra ibex (Alpine ibex),0,1,0
4339,179,953,92,24,29,1.00,22,0.50,Capra ibex (Alpine ibex),0,1,0
4342,171,984,169,31,41,1.00,23,1.00,Capra ibex (Alpine ibex),0,2,0
4342,172,888,349,46,33,1.00,24,0.50,Capra ibex (Alpine ibex),0,2,0
4342,174,894,250,35,23,1.00,22,0.50,Capra ibex (Alpine ibex),0,1,0
4342,175,919,104,22,34,1.00,22,0.50,Capra ibex (Alpine ibex),0,1,0
4342,176,929,138,27,36,1.00,22,0.50,Capra ibex (Alpine ibex),0,1,0
4342,177,894,197,23,14,1.00,22,0.50,Capra ibex (Alpine ibex),0,1,0
4342,178,888,204,24,23,1.00,22,0.50,Capra ibex (Alpine ibex),0,1,0
4342,179,964,93,24,29,1.00,22,0.50,Capra ibex (Alpine ibex),0,1,0
4346,174,909,250,35,23,1.00,22,0.50,Capra ibex (Alpine ibex),0,1,0
4346,175,934,103,22,34,1.00,22,0.50,Capra ibex (Alpine ibex),0,1,0
4346,176,944,137,27,36,1.00,22,0.50,Capra ibex (Alpine ibex),0,1,0
4346,177,909,196,23,14,1.00,22,0.50,Capra ibex (Alpine ibex),0,1,0
4346,178,902,204,24,23,1.00,22,0.50,Capra ibex (Alpine ibex),0,1,0
4346,179,979,92,24,29,1.00,22,0.50,Capra ibex (Alpine ibex),0,1,0
4352,171,1022,167,2,41,1.00,23,1.00,Capra ibex (Alpine ibex),0,2,0
4352,172,926,347,46,33,1.00,24,0.50,Capra ibex (Alpine ibex),0,2,0
4352,174,932,250,35,23,1.00,22,0.50,Capra ibex (Alpine ibex),0,1,0
4352,175,957,102,22,34,1.00,22,0.50,Capra ibex (Alpine ibex),0,1,0
4352,176,967,136,27,36,1.00,22,0.50,Capra ibex (Alpine ibex),0,1,0
4352,177,932,195,23,14,1.00,22,0.50,Capra ibex (Alpine ibex),0,1,0
4352,178,923,204,24,23,1.00,22,0.50,Capra ibex (Alpine ibex),0,1,0
4352,179,1002,91,22,29,1.00,22,0.50,Capra ibex (Alpine ibex),0,1,0
4362,172,968,349,46,33,1.00,24,0.50,Capra ibex (Alpine ibex),0,2,0
4362,174,970,253,35,23,1.00,22,0.50,Capra ibex (Alpine ibex),0,1,0
4362,175,993,104,22,34,1.00,22,0.50,Capra ibex (Alpine ibex),0,1,0
4362,176,1005,139,19,36,1.00,22,0.50,Capra ibex (Alpine ibex),0,1,0
4362,177,970,198,23,14,1.00,22,0.50,Capra ibex (Alpine ibex),0,1,0
4362,178,961,207,24,23,1.00,22,0.50,Capra ibex (Alpine ibex),0,1,0
4363,172,969,344,46,33,1.00,24,0.50,Capra ibex (Alpine ibex),0,2,0
4363,174,971,248,35,23,1.00,22,0.50,Capra ibex (Alpine ibex),0,1,0
4363,175,994,99,22,34,1.00,22,0.50,Capra ibex (Alpine ibex),0,1,0
4363,176,1006,134,18,36,1.00,22,0.50,Capra ibex (Alpine ibex),0,1,0
4363,177,971,193,23,14,1.00,22,0.50,Capra ibex (Alpine ibex),0,1,0
4363,178,962,202,24,23,1.00,22,0.50,Capra ibex (Alpine ibex),0,1,0
4369,172,998,349,26,33,1.00,24,0.50,Capra ibex (Alpine ibex),0,2,0
4369,174,994,253,30,23,1.00,22,0.50,Capra ibex (Alpine ibex),0,1,0
4369,175,1017,104,7,34,1.00,22,0.50,Capra ibex (Alpine ibex),0,1,0
4369,177,994,198,23,14,1.00,22,0.50,Capra ibex (Alpine ibex),0,1,0
4369,178,985,207,24,23,1.00,22,0.50,Capra ibex (Alpine ibex),0,1,0
4373,172,1017,351,7,33,1.00,24,0.50,Capra ibex (Alpine ibex),0,2,0
4373,174,1013,255,11,23,1.00,22,0.50,Capra ibex (Alpine ibex),0,1,0
4373,177,1013,200,11,14,1.00,22,0.50,Capra ibex (Alpine ibex),0,1,0
4373,178,1004,209,20,23,1.00,22,0.50,Capra ibex (Alpine ibex),0,1,0
4376,178,1015,209,9,23,1.00,22,0.50,Capra ibex (Alpine ibex),0,1,0
4867,185,1011,705,13,26,1.00,22,0.50,Capra ibex (Alpine ibex),0,1,0
4867,189,1015,681,9,20,1.00,22,0.50,Capra ibex (Alpine ibex),0,1,0
4873,180,998,807,26,39,1.00,24,0.50,Capra ibex (Alpine ibex),0,2,0
4873,185,991,704,33,26,1.00,22,0.50,Capra ibex (Alpine ibex),0,1,0
4873,187,1011,581,13,37,1.00,22,0.50,Capra ibex (Alpine ibex),0,1,0
4873,188,990,660,20,24,1.00,22,0.50,Capra ibex (Alpine ibex),0,1,0
4873,189,995,680,17,20,1.00,22,0.50,Capra ibex (Alpine ibex),0,1,0
4885,180,945,804,42,39,1.00,24,0.50,Capra ibex (Alpine ibex),0,2,0
4885,181,1020,737,4,43,1.00,24,0.50,Capra ibex (Alpine ibex),0,2,0
4885,184,1005,674,19,41,1.00,24,0.50,Capra ibex (Alpine ibex),0,2,0
4885,185,945,704,34,26,1.00,22,0.50,Capra ibex (Alpine ibex),0,1,0
4885,186,1016,537,8,29,1.00,22,0.50,Capra ibex (Alpine ibex),0,1,0
4885,187,958,578,36,37,1.00,22,0.50,Capra ibex (Alpine ibex),0,1,0
4885,188,937,657,20,24,1.00,22,0.50,Capra ibex (Alpine ibex),0,1,0
4885,189,942,677,17,20,1.00,22,0.50,Capra ibex (Alpine ibex),0,1,0
4891,180,920,804,42,39,1.00,24,0.50,Capra ibex (Alpine ibex),0,2,0
4891,181,999,741,25,43,1.00,24,0.50,Capra ibex (Alpine ibex),0,2,0
4891,183,1017,656,7,43,1.00,24,0.50,Capra ibex (Alpine ibex),0,2,0
4891,184,982,675,29,41,1.00,24,0.50,Capra ibex (Alpine ibex),0,2,0
4891,185,921,703,34,26,1.00,22,0.50,Capra ibex (Alpine ibex),0,1,0
4891,186,995,541,20,29,1.00,22,0.50,Capra ibex (Alpine ibex),0,1,0
4891,187,936,579,36,37,1.00,22,0.50,Capra ibex (Alpine ibex),0,1,0
4891,188,916,661,20,24,1.00,22,0.50,Capra ibex (Alpine ibex),0,1,0
4891,189,924,677,17,20,1.00,22,0.50,Capra ibex (Alpine ibex),0,1,0
4907,180,858,801,42,39,1.00,24,0.50,Capra ibex (Alpine ibex),0,2,0
4907,181,937,738,37,43,1.00,24,0.50,Capra ibex (Alpine ibex),0,2,0
4907,182,1014,738,10,45,1.00,24,0.50,Capra ibex (Alpine ibex),0,2,0
4907,183,947,653,28,43,1.00,24,0.50,Capra ibex (Alpine ibex),0,2,0
4907,184,920,671,29,41,1.00,24,0.50,Capra ibex (Alpine ibex),0,2,0
4907,185,859,700,34,26,1.00,22,0.50,Capra ibex (Alpine ibex),0,1,0
4907,186,932,540,20,29,1.00,22,0.50,Capra ibex (Alpine ibex),0,1,0
4907,187,874,576,36,37,1.00,22,0.50,Capra ibex (Alpine ibex),0,1,0
4907,188,854,658,20,24,1.00,22,0.50,Capra ibex (Alpine ibex),0,1,0
4907,189,862,674,17,20,1.00,22,0.50,Capra ibex (Alpine ibex),0,1,0
4917,180,821,798,42,39,1.00,24,0.50,Capra ibex (Alpine ibex),0,2,0
4917,181,900,735,37,43,1.00,24,0.50,Capra ibex (Alpine ibex),0,2,0
4917,182,977,735,37,45,1.00,24,0.50,Capra ibex (Alpine ibex),0,2,0
4917,183,909,651,28,43,1.00,24,0.50,Capra ibex (Alpine ibex),0,2,0
4917,184,883,668,29,41,1.00,24,0.50,Capra ibex (Alpine ibex),0,2,0
4917,185,822,697,34,26,1.00,22,0.50,Capra ibex (Alpine ibex),0,1,0
4917,186,895,537,20,29,1.00,22,0.50,Capra ibex (Alpine ibex),0,1,0
4917,187,837,573,36,37,1.00,22,0.50,Capra ibex (Alpine ibex),0,1,0
4917,188,817,655,20,24,1.00,22,0.50,Capra ibex (Alpine ibex),0,1,0
4917,189,825,671,17,20,1.00,22,0.50,Capra ibex (Alpine ibex),0,1,0
4937,180,744,796,42,39,1.00,24,0.50,Capra ibex (Alpine ibex),0,2,0
4937,181,823,733,37,43,1.00,24,0.50,Capra ibex (Alpine ibex),0,2,0
4937,182,895,731,37,45,1.00,24,0.50,Capra ibex (Alpine ibex),0,2,0
4937,183,826,648,28,43,1.00,24,0.50,Capra ibex (Alpine ibex),0,2,0
4937,184,806,666,29,41,1.00,24,0.50,Capra ibex (Alpine ibex),0,2,0
4937,185,746,695,34,26,1.00,22,0.50,Capra ibex (Alpine ibex),0,1,0
4937,186,818,535,20,29,1.00,22,0.50,Capra ibex (Alpine ibex),0,1,0
4937,187,760,571,36,37,1.00,22,0.50,Capra ibex (Alpine ibex),0,1,0
4937,188,740,653,20,24,1.00,22,0.50,Capra ibex (Alpine ibex),0,1,0
4937,189,748,669,17,20,1.00,22,0.50,Capra ibex (Alpine ibex),0,1,0
4947,180,705,793,42,39,1.00,24,0.50,Capra ibex (Alpine ibex),0,2,0
4947,181,784,730,37,43,1.00,24,0.50,Capra ibex (Alpine ibex),0,2,0
4947,182,856,728,37,45,1.00,24,0.50,Capra ibex (Alpine ibex),0,2,0
4947,183,787,645,28,43,1.00,24,0.50,Capra ibex (Alpine ibex),0,2,0
4947,184,767,663,29,41,1.00,24,0.50,Capra ibex (Alpine ibex),0,2,0
4947,185,707,692,34,26,1.00,22,0.50,Capra ibex (Alpine ibex),0,1,0
4947,186,779,532,20,29,1.00,22,0.50,Capra ibex (Alpine ibex),0,1,0
4947,187,721,568,36,37,1.00,22,0.50,Capra ibex (Alpine ibex),0,1,0
4947,188,701,650,20,24,1.00,22,0.50,Capra ibex (Alpine ibex),0,1,0
4947,189,709,666,17,20,1.00,22,0.50,Capra ibex (Alpine ibex),0,1,0
4952,180,696,793,42,39,1.00,24,0.50,Capra ibex (Alpine ibex),0,2,0
4952,181,775,730,37,43,1.00,24,0.50,Capra ibex (Alpine ibex),0,2,0
4952,182,847,728,37,45,1.00,24,0.50,Capra ibex (Alpine ibex),0,2,0
4952,183,778,645,28,43,1.00,24,0.50,Capra ibex (Alpine ibex),0,2,0
4952,184,758,663,29,41,1.00,24,0.50,Capra ibex (Alpine ibex),0,2,0
4952,185,698,692,34,26,1.00,22,0.50,Capra ibex (Alpine ibex),0,1,0
4952,186,770,532,20,29,1.00,22,0.50,Capra ibex (Alpine ibex),0,1,0
4952,187,712,568,36,37,1.00,22,0.50,Capra ibex (Alpine ibex),0,1,0
4952,188,695,651,20,24,1.00,22,0.50,Capra ibex (Alpine ibex),0,1,0
4952,189,704,666,17,20,1.00,22,0.50,Capra ibex (Alpine ibex),0,1,0
4953,180,581,786,42,39,1.00,24,0.50,Capra ibex (Alpine ibex),0,2,0
4953,181,658,727,37,43,1.00,24,0.50,Capra ibex (Alpine ibex),0,2,0
4953,182,716,725,37,45,1.00,24,0.50,Capra ibex (Alpine ibex),0,2,0
4953,183,649,636,28,43,1.00,24,0.50,Capra ibex (Alpine ibex),0,2,0
4953,184,645,661,29,41,1.00,24,0.50,Capra ibex (Alpine ibex),0,2,0
4953,185,583,690,34,26,1.00,22,0.50,Capra ibex (Alpine ibex),0,1,0
4953,186,654,534,20,29,1.00,22,0.50,Capra ibex (Alpine ibex),0,1,0
4953,187,596,570,36,37,1.00,22,0.50,Capra ibex (Alpine ibex),0,1,0
4953,188,579,651,20,24,1.00,22,0.50,Capra ibex (Alpine ibex),0,1,0
4953,189,586,665,17,20,1.00,22,0.50,Capra ibex (Alpine ibex),0,1,0
4963,180,536,783,42,39,1.00,24,0.50,Capra ibex (Alpine ibex),0,2,0
4963,181,613,724,37,43,1.00,24,0.50,Capra ibex (Alpine ibex),0,2,0
4963,182,668,722,37,45,1.00,24,0.50,Capra ibex (Alpine ibex),0,2,0
4963,183,603,637,28,43,1.00,24,0.50,Capra ibex (Alpine ibex),0,2,0
4963,184,604,655,29,41,1.00,24,0.50,Capra ibex (Alpine ibex),0,2,0
4963,185,543,686,34,26,1.00,22,0.50,Capra ibex (Alpine ibex),0,1,0
4963,186,609,531,20,29,1.00,22,0.50,Capra ibex (Alpine ibex),0,1,0
4963,187,551,567,36,37,1.00,22,0.50,Capra ibex (Alpine ibex),0,1,0
4963,188,537,645,20,24,1.00,22,0.50,Capra ibex (Alpine ibex),0,1,0
4963,189,547,661,17,20,1.00,22,0.50,Capra ibex (Alpine ibex),0,1,0
4973,180,500,782,42,39,1.00,24,0.50,Capra ibex (Alpine ibex),0,2,0
4973,181,578,721,37,43,1.00,24,0.50,Capra ibex (Alpine ibex),0,2,0
4973,182,629,719,37,45,1.00,24,0.50,Capra ibex (Alpine ibex),0,2,0
4973,183,566,640,28,43,1.00,24,0.50,Capra ibex (Alpine ibex),0,2,0
4973,184,563,658,29,41,1.00,24,0.50,Capra ibex (Alpine ibex),0,2,0
4973,185,507,685,34,26,1.00,22,0.50,Capra ibex (Alpine ibex),0,1,0
4973,186,573,530,20,29,1.00,22,0.50,Capra ibex (Alpine ibex),0,1,0
4973,187,517,568,36,37,1.00,22,0.50,Capra ibex (Alpine ibex),0,1,0
4973,188,501,644,20,24,1.00,22,0.50,Capra ibex (Alpine ibex),0,1,0
4973,189,511,660,17,20,1.00,22,0.50,Capra ibex (Alpine ibex),0,1,0
4983,180,468,779,42,39,1.00,24,0.50,Capra ibex (Alpine ibex),0,2,0
4983,181,546,718,37,43,1.00,24,0.50,Capra ibex (Alpine ibex),0,2,0
4983,182,591,719,37,45,1.00,24,0.50,Capra ibex (Alpine ibex),0,2,0
4983,183,526,636,28,43,1.00,24,0.50,Capra ibex (Alpine ibex),0,2,0
4983,184,531,659,29,41,1.00,24,0.50,Capra ibex (Alpine ibex),0,2,0
4983,185,475,682,34,26,1.00,22,0.50,Capra ibex (Alpine ibex),0,1,0
4983,186,541,527,20,29,1.00,22,0.50,Capra ibex (Alpine ibex),0,1,0
4983,187,485,565,36,37,1.00,22,0.50,Capra ibex (Alpine ibex),0,1,0
4983,188,469,642,20,24,1.00,22,0.50,Capra ibex (Alpine ibex),0,1,0
4983,189,476,660,17,20,1.00,22,0.50,Capra ibex (Alpine ibex),0,1,0
4993,180,430,778,42,39,1.00,24,0.50,Capra ibex (Alpine ibex),0,2,0
4993,181,508,717,37,43,1.00,24,0.50,Capra ibex (Alpine ibex),0,2,0
4993,182,553,718,37,45,1.00,24,0.50,Capra ibex (Alpine ibex),0,2,0
4993,183,488,635,28,43,1.00,24,0.50,Capra ibex (Alpine ibex),0,2,0
4993,184,493,658,29,41,1.00,24,0.50,Capra ibex (Alpine ibex),0,2,0
4993,185,437,681,34,26,1.00,22,0.50,Capra ibex (Alpine ibex),0,1,0
4993,186,503,526,20,29,1.00,22,0.50,Capra ibex (Alpine ibex),0,1,0
4993,187,447,564,36,37,1.00,22,0.50,Capra ibex (Alpine ibex),0,1,0
4993,188,435,641,20,24,1.00,22,0.50,Capra ibex (Alpine ibex),0,1,0
4993,189,441,658,17,20,1.00,22,0.50,Capra ibex (Alpine ibex),0,1,0
5003,180,397,777,42,39,1.00,24,0.50,Capra ibex (Alpine ibex),0,2,0
5003,181,475,716,37,43,1.00,24,0.50,Capra ibex (Alpine ibex),0,2,0
5003,182,514,715,37,45,1.00,24,0.50,Capra ibex (Alpine ibex),0,2,0
5003,183,455,634,28,43,1.00,24,0.50,Capra ibex (Alpine ibex),0,2,0
5003,184,460,657,29,41,1.00,24,0.50,Capra ibex (Alpine ibex),0,2,0
5003,185,404,680,34,26,1.00,22,0.50,Capra ibex (Alpine ibex),0,1,0
5003,186,470,525,20,29,1.00,22,0.50,Capra ibex (Alpine ibex),0,1,0
5003,187,414,563,36,37,1.00,22,0.50,Capra ibex (Alpine ibex),0,1,0
5003,188,402,640,20,24,1.00,22,0.50,Capra ibex (Alpine ibex),0,1,0
5003,189,408,657,17,20,1.00,22,0.50,Capra ibex (Alpine ibex),0,1,0
5010,190,951,781,47,45,1.00,28,1.00,Aves (Bird),0,0,0
5013,180,363,776,42,39,1.00,24,0.50,Capra ibex (Alpine ibex),0,2,0
5013,181,441,715,37,43,1.00,24,0.50,Capra ibex (Alpine ibex),0,2,0
5013,182,478,710,37,45,1.00,24,0.50,Capra ibex (Alpine ibex),0,2,0
5013,183,418,629,28,43,1.00,24,0.50,Capra ibex (Alpine ibex),0,2,0
5013,185,370,679,34,26,1.00,22,0.50,Capra ibex (Alpine ibex),0,1,0
5013,186,438,528,20,29,1.00,22,0.50,Capra ibex (Alpine ibex),0,1,0
5013,187,383,561,36,37,1.00,22,0.50,Capra ibex (Alpine ibex),0,1,0
5013,188,368,639,20,24,1.00,22,0.50,Capra ibex (Alpine ibex),0,1,0
5013,189,374,656,17,20,1.00,22,0.50,Capra ibex (Alpine ibex),0,1,0
5020,185,348,677,34,26,1.00,22,0.50,Capra ibex (Alpine ibex),0,1,0
5020,186,415,529,20,29,1.00,22,0.50,Capra ibex (Alpine ibex),0,1,0
5020,187,361,559,36,37,1.00,22,0.50,Capra ibex (Alpine ibex),0,1,0
5020,188,346,637,20,24,1.00,22,0.50,Capra ibex (Alpine ibex),0,1,0
5020,189,352,654,17,20,1.00,22,0.50,Capra ibex (Alpine ibex),0,1,0
5023,180,331,773,42,39,1.00,24,0.50,Capra ibex (Alpine ibex),0,2,0
5023,181,409,712,37,43,1.00,24,0.50,Capra ibex (Alpine ibex),0,2,0
5023,182,444,706,37,45,1.00,24,0.50,Capra ibex (Alpine ibex),0,2,0
5023,183,381,632,28,43,1.00,24,0.50,Capra ibex (Alpine ibex),0,2,0
5023,185,338,676,34,26,1.00,22,0.50,Capra ibex (Alpine ibex),0,1,0
5023,186,405,529,20,29,1.00,22,0.50,Capra ibex (Alpine ibex),0,1,0
5023,187,351,558,36,37,1.00,22,0.50,Capra ibex (Alpine ibex),0,1,0
5023,188,336,636,20,24,1.00,22,0.50,Capra ibex (Alpine ibex),0,1,0
5023,189,342,653,17,20,1.00,22,0.50,Capra ibex (Alpine ibex),0,1,0
5030,190,797,773,47,45,1.00,28,1.00,Aves (Bird),0,0,0
5033,180,294,769,42,39,1.00,24,0.50,Capra ibex (Alpine ibex),0,2,0
5033,181,372,708,37,43,1.00,24,0.50,Capra ibex (Alpine ibex),0,2,0
5033,182,407,702,37,45,1.00,24,0.50,Capra ibex (Alpine ibex),0,2,0
5033,183,344,628,28,43,1.00,24,0.50,Capra ibex (Alpine ibex),0,2,0
5033,185,304,672,34,26,1.00,22,0.50,Capra ibex (Alpine ibex),0,1,0
5033,186,368,525,20,29,1.00,22,0.50,Capra ibex (Alpine ibex),0,1,0
5033,187,314,554,36,37,1.00,22,0.50,Capra ibex (Alpine ibex),0,1,0
5033,188,306,637,20,24,1.00,22,0.50,Capra ibex (Alpine ibex),0,1,0
5033,189,309,653,17,20,1.00,22,0.50,Capra ibex (Alpine ibex),0,1,0
5040,190,716,771,47,45,1.00,28,1.00,Aves (Bird),0,0,0
5043,180,261,770,42,39,1.00,24,0.50,Capra ibex (Alpine ibex),0,2,0
5043,181,339,709,37,43,1.00,24,0.50,Capra ibex (Alpine ibex),0,2,0
5043,182,374,703,37,45,1.00,24,0.50,Capra ibex (Alpine ibex),0,2,0
5043,183,311,629,28,43,1.00,24,0.50,Capra ibex (Alpine ibex),0,2,0
5043,185,271,673,34,26,1.00,22,0.50,Capra ibex (Alpine ibex),0,1,0
5043,186,335,526,20,29,1.00,22,0.50,Capra ibex (Alpine ibex),0,1,0
5043,187,281,555,36,37,1.00,22,0.50,Capra ibex (Alpine ibex),0,1,0
5043,188,273,638,20,24,1.00,22,0.50,Capra ibex (Alpine ibex),0,1,0
5043,189,276,654,17,20,1.00,22,0.50,Capra ibex (Alpine ibex),0,1,0
5053,180,227,768,42,39,1.00,24,0.50,Capra ibex (Alpine ibex),0,2,0
5053,181,303,707,37,43,1.00,24,0.50,Capra ibex (Alpine ibex),0,2,0
5053,182,328,705,37,45,1.00,24,0.50,Capra ibex (Alpine ibex),0,2,0
5053,183,275,626,28,43,1.00,24,0.50,Capra ibex (Alpine ibex),0,2,0
5053,185,237,671,34,26,1.00,22,0.50,Capra ibex (Alpine ibex),0,1,0
5053,186,301,524,20,29,1.00,22,0.50,Capra ibex (Alpine ibex),0,1,0
5053,187,255,556,36,37,1.00,22,0.50,Capra ibex (Alpine ibex),0,1,0
5053,188,239,636,20,24,1.00,22,0.50,Capra ibex (Alpine ibex),0,1,0
5053,189,246,652,17,20,1.00,22,0.50,Capra ibex (Alpine ibex),0,1,0
5060,190,572,759,47,45,1.00,28,1.00,Aves (Bird),0,0,0
5063,180,198,767,42,39,1.00,24,0.50,Capra ibex (Alpine ibex),0,2,0
5063,181,274,706,37,43,1.00,24,0.50,Capra ibex (Alpine ibex),0,2,0
5063,182,299,704,37,45,1.00,24,0.50,Capra ibex (Alpine ibex),0,2,0
5063,183,246,625,28,43,1.00,24,0.50,Capra ibex (Alpine ibex),0,2,0
5063,185,208,670,34,26,1.00,22,0.50,Capra ibex (Alpine ibex),0,1,0
5063,186,272,523,20,29,1.00,22,0.50,Capra ibex (Alpine ibex),0,1,0
5063,187,226,555,36,37,1.00,22,0.50,Capra ibex (Alpine ibex),0,1,0
5063,188,210,635,20,24,1.00,22,0.50,Capra ibex (Alpine ibex),0,1,0
5063,189,217,651,17,20,1.00,22,0.50,Capra ibex (Alpine ibex),0,1,0
5073,180,166,765,42,39,1.00,24,0.50,Capra ibex (Alpine ibex),0,2,0
5073,181,242,704,37,43,1.00,24,0.50,Capra ibex (Alpine ibex),0,2,0
5073,182,267,702,37,45,1.00,24,0.50,Capra ibex (Alpine ibex),0,2,0
5073,183,214,623,28,43,1.00,24,0.50,Capra ibex (Alpine ibex),0,2,0
5073,185,176,668,34,26,1.00,22,0.50,Capra ibex (Alpine ibex),0,1,0
5073,186,240,521,20,29,1.00,22,0.50,Capra ibex (Alpine ibex),0,1,0
5073,187,194,553,36,37,1.00,22,0.50,Capra ibex (Alpine ibex),0,1,0
5073,188,178,633,20,24,1.00,22,0.50,Capra ibex (Alpine ibex),0,1,0
5073,189,185,649,17,20,1.00,22,0.50,Capra ibex (Alpine ibex),0,1,0
5075,183,202,623,28,43,1.00,24,0.50,Capra ibex (Alpine ibex),0,2,0
5080,190,434,748,47,45,1.00,28,1.00,Aves (Bird),0,0,0
5083,180,132,765,42,39,1.00,24,0.50,Capra ibex (Alpine ibex),0,2,0
5083,181,208,704,37,43,1.00,24,0.50,Capra ibex (Alpine ibex),0,2,0
5083,182,233,702,37,45,1.00,24,0.50,Capra ibex (Alpine ibex),0,2,0
5083,183,180,623,28,43,1.00,24,0.50,Capra ibex (Alpine ibex),0,2,0
5083,185,142,668,34,26,1.00,22,0.50,Capra ibex (Alpine ibex),0,1,0
5083,186,207,527,20,29,1.00,22,0.50,Capra ibex (Alpine ibex),0,1,0
5083,187,160,551,36,37,1.00,22,0.50,Capra ibex (Alpine ibex),0,1,0
5083,188,144,633,20,24,1.00,22,0.50,Capra ibex (Alpine ibex),0,1,0
5083,189,151,649,17,20,1.00,22,0.50,Capra ibex (Alpine ibex),0,1,0
5087,183,157,621,28,43,1.00,24,0.50,Capra ibex (Alpine ibex),0,2,0
5092,182,199,700,37,45,1.00,24,0.50,Capra ibex (Alpine ibex),0,2,0
5093,180,102,764,42,39,1.00,24,0.50,Capra ibex (Alpine ibex),0,2,0
5093,181,181,699,37,43,1.00,24,0.50,Capra ibex (Alpine ibex),0,2,0
5093,182,203,701,37,45,1.00,24,0.50,Capra ibex (Alpine ibex),0,2,0
5093,183,144,619,28,43,1.00,24,0.50,Capra ibex (Alpine ibex),0,2,0
5093,185,112,667,34,26,1.00,22,0.50,Capra ibex (Alpine ibex),0,1,0
5093,186,175,532,20,29,1.00,22,0.50,Capra ibex (Alpine ibex),0,1,0
5093,187,135,550,36,37,1.00,22,0.50,Capra ibex (Alpine ibex),0,1,0
5093,188,114,632,20,24,1.00,22,0.50,Capra ibex (Alpine ibex),0,1,0
5093,189,121,648,17,20,1.00,22,0.50,Capra ibex (Alpine ibex),0,1,0
5094,182,189,698,37,45,1.00,24,0.50,Capra ibex (Alpine ibex),0,2,0
5096,182,185,696,37,45,1.00,24,0.50,Capra ibex (Alpine ibex),0,2,0
5100,190,298,742,47,45,1.00,28,1.00,Aves (Bird),0,0,0
5103,180,73,763,42,39,1.00,24,0.50,Capra ibex (Alpine ibex),0,2,0
5103,182,167,696,37,45,1.00,24,0.50,Capra ibex (Alpine ibex),0,2,0
5103,183,113,618,28,43,1.00,24,0.50,Capra ibex (Alpine ibex),0,2,0
5103,186,146,531,20,29,1.00,22,0.50,Capra ibex (Alpine ibex),0,1,0
5103,187,106,549,36,37,1.00,22,0.50,Capra ibex (Alpine ibex),0,1,0
5103,188,85,631,20,24,1.00,22,0.50,Capra ibex (Alpine ibex),0,1,0
5103,189,92,647,17,20,1.00,22,0.50,Capra ibex (Alpine ibex),0,1,0
5106,186,136,530,20,29,1.00,22,0.50,Capra ibex (Alpine ibex),0,1,0
5106,187,96,548,36,37,1.00,22,0.50,Capra ibex (Alpine ibex),0,1,0
5106,188,75,630,20,24,1.00,22,0.50,Capra ibex (Alpine ibex),0,1,0
5106,189,82,646,17,20,1.00,22,0.50,Capra ibex (Alpine ibex),0,1,0
5113,180,39,760,42,39,1.00,24,0.50,Capra ibex (Alpine ibex),0,2,0
5113,182,121,699,37,45,1.00,24,0.50,Capra ibex (Alpine ibex),0,2,0
5113,183,79,615,28,43,1.00,24,0.50,Capra ibex (Alpine ibex),0,2,0
5113,186,112,528,20,29,1.00,22,0.50,Capra ibex (Alpine ibex),0,1,0
5113,187,72,546,36,37,1.00,22,0.50,Capra ibex (Alpine ibex),0,1,0
5113,188,51,628,20,24,1.00,22,0.50,Capra ibex (Alpine ibex),0,1,0
5113,189,58,644,17,20,1.00,22,0.50,Capra ibex (Alpine ibex),0,1,0
5120,186,94,526,20,29,1.00,22,0.50,Capra ibex (Alpine ibex),0,1,0
5120,187,54,544,36,37,1.00,22,0.50,Capra ibex (Alpine ibex),0,1,0
5120,188,33,626,20,24,1.00,22,0.50,Capra ibex (Alpine ibex),0,1,0
5120,189,40,642,17,20,1.00,22,0.50,Capra ibex (Alpine ibex),0,1,0
5120,190,171,734,47,45,1.00,28,1.00,Aves (Bird),0,0,0
5123,180,13,757,42,39,1.00,24,0.50,Capra ibex (Alpine ibex),0,2,0
5123,182,93,689,37,45,1.00,24,0.50,Capra ibex (Alpine ibex),0,2,0
5123,183,47,612,28,43,1.00,24,0.50,Capra ibex (Alpine ibex),0,2,0
5123,186,86,525,20,29,1.00,22,0.50,Capra ibex (Alpine ibex),0,1,0
5123,187,46,543,36,37,1.00,22,0.50,Capra ibex (Alpine ibex),0,1,0
5123,188,25,625,20,24,1.00,22,0.50,Capra ibex (Alpine ibex),0,1,0
5123,189,32,641,17,20,1.00,22,0.50,Capra ibex (Alpine ibex),0,1,0
5125,186,79,526,20,29,1.00,22,0.50,Capra ibex (Alpine ibex),0,1,0
5125,187,39,544,36,37,1.00,22,0.50,Capra ibex (Alpine ibex),0,1,0
5125,188,18,626,20,24,1.00,22,0.50,Capra ibex (Alpine ibex),0,1,0
5125,189,25,642,17,20,1.00,22,0.50,Capra ibex (Alpine ibex),0,1,0
5133,180,0,763,20,39,1.00,24,0.50,Capra ibex (Alpine ibex),0,2,0
5133,182,62,689,37,45,1.00,24,0.50,Capra ibex (Alpine ibex),0,2,0
5133,183,12,618,28,43,1.00,24,0.50,Capra ibex (Alpine ibex),0,2,0
5133,186,51,531,20,29,1.00,22,0.50,Capra ibex (Alpine ibex),0,1,0
5133,187,11,549,36,37,1.00,22,0.50,Capra ibex (Alpine ibex),0,1,0
5133,188,0,631,10,24,1.00,22,0.50,Capra ibex (Alpine ibex),0,1,0
5133,189,0,647,14,20,1.00,22,0.50,Capra ibex (Alpine ibex),0,1,0
5135,183,9,618,28,43,1.00,24,0.50,Capra ibex (Alpine ibex),0,2,0
5140,190,56,732,47,45,1.00,28,1.00,Aves (Bird),0,0,0
5150,182,14,686,37,45,1.00,24,0.50,Capra ibex (Alpine ibex),0,2,0
5150,190,0,728,43,45,1.00,28,1.00,Aves (Bird),0,0,0
5246,193,1001,446,23,35,1.00,17,1.00,Homo sapiens (Human),0,2,0
5249,193,991,446,33,35,1.00,17,1.00,Homo sapiens (Human),0,2,0
5269,192,952,388,39,37,1.00,17,1.00,Homo sapiens (Human),0,2,0
5269,193,893,447,39,35,1.00,17,1.00,Homo sapiens (Human),0,2,0
5289,192,853,393,39,37,1.00,17,1.00,Homo sapiens (Human),0,2,0
5289,193,797,451,39,35,1.00,17,1.00,Homo sapiens (Human),0,2,0
5309,192,754,391,39,37,1.00,17,1.00,Homo sapiens (Human),0,2,0
5309,193,711,439,39,35,1.00,17,1.00,Homo sapiens (Human),0,2,0
5329,192,663,389,39,37,1.00,17,1.00,Homo sapiens (Human),0,2,0
5329,193,626,434,39,35,1.00,17,1.00,Homo sapiens (Human),0,2,0
5349,192,568,386,39,37,1.00,17,1.00,Homo sapiens (Human),0,2,0
5349,193,546,431,39,35,1.00,17,1.00,Homo sapiens (Human),0,2,0
5369,192,480,384,39,37,1.00,17,1.00,Homo sapiens (Human),0,2,0
5369,193,462,428,39,35,1.00,17,1.00,Homo sapiens (Human),0,2,0
5389,192,393,384,39,37,1.00,17,1.00,Homo sapiens (Human),0,2,0
5389,193,383,424,39,35,1.00,17,1.00,Homo sapiens (Human),0,2,0
5399,192,351,384,39,37,1.00,17,1.00,Homo sapiens (Human),0,2,0
5399,193,340,425,39,35,1.00,17,1.00,Homo sapiens (Human),0,2,0
5419,192,268,385,39,37,1.00,17,1.00,Homo sapiens (Human),0,2,0
5419,193,253,420,39,35,1.00,17,1.00,Homo sapiens (Human),0,2,0
5439,192,186,381,39,37,1.00,17,1.00,Homo sapiens (Human),0,2,0
5439,193,161,406,39,35,1.00,17,1.00,Homo sapiens (Human),0,2,0
5459,192,106,385,39,37,1.00,17,1.00,Homo sapiens (Human),0,2,0
5459,193,64,394,39,35,1.00,17,1.00,Homo sapiens (Human),0,2,0
5479,192,27,389,39,37,1.00,17,1.00,Homo sapiens (Human),0,2,0
5479,193,0,398,24,35,1.00,17,1.00,Homo sapiens (Human),0,2,0
5487,192,0,387,33,37,1.00,17,1.00,Homo sapiens (Human),0,2,0
10493,194,992,241,31,32,1.00,27,1.00,Unknown,0,0,0
10523,194,877,242,31,32,1.00,27,1.00,Unknown,0,0,0
10543,194,796,244,31,32,1.00,27,1.00,Unknown,0,0,0
10563,194,717,249,31,32,1.00,27,1.00,Unknown,0,0,0
10593,194,605,252,31,32,1.00,27,1.00,Unknown,0,0,0
10596,191,481,487,31,28,1.00,15,0.50,Rupicapra rupicapra (Chamois),0,2,0
10602,191,459,490,31,28,1.00,15,0.50,Rupicapra rupicapra (Chamois),0,2,0
10603,191,455,490,31,28,1.00,15,0.50,Rupicapra rupicapra (Chamois),0,2,0
10604,191,451,490,31,28,1.00,15,0.50,Rupicapra rupicapra (Chamois),0,2,0
10612,191,421,488,31,28,1.00,15,0.50,Rupicapra rupicapra (Chamois),0,2,0
10613,194,526,256,31,32,1.00,27,1.00,Unknown,0,0,0
10633,194,457,254,31,32,1.00,27,1.00,Unknown,0,0,0
10642,191,321,485,31,28,1.00,15,0.50,Rupicapra rupicapra (Chamois),0,2,0
10652,191,290,485,31,28,1.00,15,0.50,Rupicapra rupicapra (Chamois),0,2,0
10653,194,387,256,31,32,1.00,27,1.00,Unknown,0,0,0
10663,194,363,258,31,32,1.00,27,1.00,Unknown,0,0,0
