2984,1683,613,84,50,32,1.00,52,1.00,Sus scrofa (Wild boar),0,2,0
2994,1683,622,106,50,32,1.00,52,1.00,Sus scrofa (Wild boar),0,2,0
2994,1684,577,90,49,31,1.00,52,1.00,Sus scrofa (Wild boar),0,2,0
3004,1683,630,134,50,32,1.00,52,1.00,Sus scrofa (Wild boar),0,2,0
3004,1684,589,118,49,31,1.00,52,1.00,Sus scrofa (Wild boar),0,2,0
3024,1683,647,195,50,32,1.00,52,1.00,Sus scrofa (Wild boar),0,2,0
3024,1684,604,175,49,31,1.00,52,1.00,Sus scrofa (Wild boar),0,2,0
3044,1683,660,248,44,34,1.00,52,1.00,Sus scrofa (Wild boar),0,2,0
3044,1684,615,230,49,31,1.00,52,1.00,Sus scrofa (Wild boar),0,2,0
3064,1683,666,305,44,38,1.00,52,1.00,Sus scrofa (Wild boar),0,2,0
3064,1684,622,287,49,31,1.00,52,1.00,Sus scrofa (Wild boar),0,2,0
3074,1683,665,332,44,38,1.00,52,1.00,Sus scrofa (Wild boar),0,2,0
3074,1684,621,314,49,31,1.00,52,1.00,Sus scrofa (Wild boar),0,2,0
3074,1685,483,103,32,40,1.00,48,1.00,Sus scrofa (Wild boar),0,0,0
3074,1686,472,84,35,34,1.00,48,1.00,Sus scrofa (Wild boar),0,0,0
3074,1687,531,89,28,40,1.00,52,1.00,Sus scrofa (Wild boar),0,2,0
3074,1688,547,79,28,33,1.00,52,1.00,Sus scrofa (Wild boar),0,2,0
3084,1683,666,359,44,38,1.00,52,1.00,Sus scrofa (Wild boar),0,2,0
3084,1684,622,341,49,31,1.00,52,1.00,Sus scrofa (Wild boar),0,2,0
3084,1685,482,134,32,40,1.00,48,1.00,Sus scrofa (Wild boar),0,0,0
3084,1686,473,111,35,34,1.00,48,1.00,Sus scrofa (Wild boar),0,0,0
3084,1687,532,120,28,40,1.00,52,1.00,Sus scrofa (Wild boar),0,2,0
3084,1688,544,104,28,39,1.00,52,1.00,Sus scrofa (Wild boar),0,2,0
3084,1689,566,92,36,25,1.00,52,1.00,Sus scrofa (Wild boar),0,2,0
3094,1683,662,385,44,38,1.00,52,1.00,Sus scrofa (Wild boar),0,2,0
3094,1684,618,367,49,31,1.00,52,1.00,Sus scrofa (Wild boar),0,2,0
3094,1685,478,160,32,40,1.00,48,1.00,Sus scrofa (Wild boar),0,0,0
3094,1686,474,141,35,34,1.00,48,1.00,Sus scrofa (Wild boar),0,0,0
3094,1687,530,150,28,40,1.00,52,1.00,Sus scrofa (Wild boar),0,2,0
3094,1688,543,132,28,39,1.00,52,1.00,Sus scrofa (Wild boar),0,2,0
3094,1689,562,117,36,25,1.00,52,1.00,Sus scrofa (Wild boar),0,2,0
3094,1690,537,91,34,36,1.00,22,1.00,Homo sapiens (Human),0,0,0
3104,1683,660,413,44,38,1.00,52,1.00,Sus scrofa (Wild boar),0,2,0
3104,1684,616,395,49,31,1.00,52,1.00,Sus scrofa (Wild boar),0,2,0
3104,1685,476,188,32,40,1.00,48,1.00,Sus scrofa (Wild boar),0,0,0
3104,1686,472,169,35,34,1.00,48,1.00,Sus scrofa (Wild boar),0,0,0
3104,1687,528,178,28,40,1.00,52,1.00,Sus scrofa (Wild boar),0,2,0
3104,1688,541,160,28,39,1.00,52,1.00,Sus scrofa (Wild boar),0,2,0
3104,1689,560,145,36,25,1.00,52,1.00,Sus scrofa (Wild boar),0,2,0
3104,1690,535,118,34,36,1.00,22,1.00,Homo sapiens (Human),0,0,0
3114,1683,654,441,44,38,1.00,52,1.00,Sus scrofa (Wild boar),0,2,0
3114,1684,610,423,49,31,1.00,52,1.00,Sus scrofa (Wild boar),0,2,0
3114,1685,473,212,32,40,1.00,48,1.00,Sus scrofa (Wild boar),0,0,0
3114,1686,466,197,35,34,1.00,48,1.00,Sus scrofa (Wild boar),0,0,0
3114,1687,522,206,28,40,1.00,52,1.00,Sus scrofa (Wild boar),0,2,0
3114,1688,535,188,28,39,1.00,52,1.00,Sus scrofa (Wild boar),0,2,0
3114,1689,554,173,36,25,1.00,52,1.00,Sus scrofa (Wild boar),0,2,0
3114,1690,526,150,34,36,1.00,22,1.00,Homo sapiens (Human),0,0,0
3134,1683,638,492,44,38,1.00,52,1.00,Sus scrofa (Wild boar),0,2,0
3134,1684,594,474,49,31,1.00,52,1.00,Sus scrofa (Wild boar),0,2,0
3134,1685,461,267,32,40,1.00,48,1.00,Sus scrofa (Wild boar),0,0,0
3134,1686,456,250,35,34,1.00,48,1.00,Sus scrofa (Wild boar),0,0,0
3134,1687,506,262,28,40,1.00,52,1.00,Sus scrofa (Wild boar),0,2,0
3134,1688,518,244,34,43,1.00,52,1.00,Sus scrofa (Wild boar),0,2,0
3134,1689,535,228,36,25,1.00,52,1.00,Sus scrofa (Wild boar),0,2,0
3134,1690,510,201,34,36,1.00,22,1.00,Homo sapiens (Human),0,0,0
3144,1683,628,518,44,38,1.00,52,1.00,Sus scrofa (Wild boar),0,2,0
3144,1684,582,500,49,31,1.00,52,1.00,Sus scrofa (Wild boar),0,2,0
3144,1685,449,293,32,40,1.00,48,1.00,Sus scrofa (Wild boar),0,0,0
3144,1686,444,276,35,34,1.00,48,1.00,Sus scrofa (Wild boar),0,0,0
3144,1687,494,288,28,40,1.00,52,1.00,Sus scrofa (Wild boar),0,2,0
3144,1688,506,270,34,43,1.00,52,1.00,Sus scrofa (Wild boar),0,2,0
3144,1689,523,254,36,25,1.00,52,1.00,Sus scrofa (Wild boar),0,2,0
3144,1690,498,230,34,36,1.00,22,1.00,Homo sapiens (Human),0,0,0
3164,1683,603,566,44,38,1.00,52,1.00,Sus scrofa (Wild boar),0,2,0
3164,1684,558,545,49,31,1.00,52,1.00,Sus scrofa (Wild boar),0,2,0
3164,1685,429,344,32,40,1.00,48,1.00,Sus scrofa (Wild boar),0,0,0
3164,1686,424,327,35,34,1.00,48,1.00,Sus scrofa (Wild boar),0,0,0
3164,1687,474,339,28,40,1.00,52,1.00,Sus scrofa (Wild boar),0,2,0
3164,1688,486,321,34,43,1.00,52,1.00,Sus scrofa (Wild boar),0,2,0
3164,1689,503,305,36,25,1.00,52,1.00,Sus scrofa (Wild boar),0,2,0
3164,1690,478,287,34,36,1.00,22,1.00,Homo sapiens (Human),0,0,0
3184,1683,570,607,44,38,1.00,52,1.00,Sus scrofa (Wild boar),0,2,0
3184,1684,525,586,49,31,1.00,52,1.00,Sus scrofa (Wild boar),0,2,0
3184,1685,399,389,32,40,1.00,48,1.00,Sus scrofa (Wild boar),0,0,0
3184,1686,386,368,35,34,1.00,48,1.00,Sus scrofa (Wild boar),0,0,0
3184,1687,443,389,28,40,1.00,52,1.00,Sus scrofa (Wild boar),0,2,0
3184,1688,457,368,34,43,1.00,52,1.00,Sus scrofa (Wild boar),0,2,0
3184,1689,464,349,36,25,1.00,52,1.00,Sus scrofa (Wild boar),0,2,0
3184,1690,439,330,34,36,1.00,22,1.00,Homo sapiens (Human),0,0,0
3194,1683,550,623,44,38,1.00,52,1.00,Sus scrofa (Wild boar),0,2,0
3194,1684,505,602,49,31,1.00,52,1.00,Sus scrofa (Wild boar),0,2,0
3194,1685,374,406,32,40,1.00,48,1.00,Sus scrofa (Wild boar),0,0,0
3194,1686,366,388,35,34,1.00,48,1.00,Sus scrofa (Wild boar),0,0,0
3194,1687,423,405,28,40,1.00,52,1.00,Sus scrofa (Wild boar),0,2,0
3194,1688,437,384,34,43,1.00,52,1.00,Sus scrofa (Wild boar),0,2,0
3194,1689,441,369,36,25,1.00,52,1.00,Sus scrofa (Wild boar),0,2,0
3194,1690,424,352,34,36,1.00,22,1.00,Homo sapiens (Human),0,0,0
3214,1683,508,650,44,38,1.00,52,1.00,Sus scrofa (Wild boar),0,2,0
3214,1684,463,629,49,31,1.00,52,1.00,Sus scrofa (Wild boar),0,2,0
3214,1685,332,433,32,40,1.00,48,1.00,Sus scrofa (Wild boar),0,0,0
3214,1686,321,413,35,34,1.00,48,1.00,Sus scrofa (Wild boar),0,0,0
3214,1687,381,432,28,40,1.00,52,1.00,Sus scrofa (Wild boar),0,2,0
3214,1688,403,411,34,43,1.00,52,1.00,Sus scrofa (Wild boar),0,2,0
3214,1689,396,399,36,25,1.00,52,1.00,Sus scrofa (Wild boar),0,2,0
3214,1690,377,379,34,36,1.00,22,1.00,Homo sapiens (Human),0,0,0
3234,1683,452,659,44,38,1.00,52,1.00,Sus scrofa (Wild boar),0,2,0
3234,1684,407,638,49,31,1.00,52,1.00,Sus scrofa (Wild boar),0,2,0
3234,1685,276,442,32,40,1.00,48,1.00,Sus scrofa (Wild boar),0,0,0
3234,1686,265,422,35,34,1.00,48,1.00,Sus scrofa (Wild boar),0,0,0
3234,1687,326,441,36,40,1.00,52,1.00,Sus scrofa (Wild boar),0,2,0
3234,1688,363,410,34,43,1.00,52,1.00,Sus scrofa (Wild boar),0,2,0
3234,1689,344,405,36,25,1.00,52,1.00,Sus scrofa (Wild boar),0,2,0
3234,1690,321,388,34,36,1.00,22,1.00,Homo sapiens (Human),0,0,0
3244,1683,429,654,44,38,1.00,52,1.00,Sus scrofa (Wild boar),0,2,0
3244,1684,384,633,49,31,1.00,52,1.00,Sus scrofa (Wild boar),0,2,0
3244,1685,257,442,32,40,1.00,48,1.00,Sus scrofa (Wild boar),0,0,0
3244,1686,247,423,35,34,1.00,48,1.00,Sus scrofa (Wild boar),0,0,0
3244,1687,303,436,36,40,1.00,52,1.00,Sus scrofa (Wild boar),0,2,0
3244,1688,340,405,34,43,1.00,52,1.00,Sus scrofa (Wild boar),0,2,0
3244,1689,317,410,36,25,1.00,52,1.00,Sus scrofa (Wild boar),0,2,0
3244,1690,298,383,34,36,1.00,22,1.00,Homo sapiens (Human),0,0,0
3254,1683,403,655,44,38,1.00,52,1.00,Sus scrofa (Wild boar),0,2,0
3254,1684,361,631,49,31,1.00,52,1.00,Sus scrofa (Wild boar),0,2,0
3254,1685,230,440,32,40,1.00,48,1.00,Sus scrofa (Wild boar),0,0,0
3254,1686,220,422,35,34,1.00,48,1.00,Sus scrofa (Wild boar),0,0,0
3254,1687,280,434,36,40,1.00,52,1.00,Sus scrofa (Wild boar),0,2,0
3254,1688,317,403,34,43,1.00,52,1.00,Sus scrofa (Wild boar),0,2,0
3254,1689,294,408,36,25,1.00,52,1.00,Sus scrofa (Wild boar),0,2,0
3254,1690,274,386,34,36,1.00,22,1.00,Homo sapiens (Human),0,0,0
3274,1683,355,648,44,38,1.00,52,1.00,Sus scrofa (Wild boar),0,2,0
3274,1684,317,630,49,31,1.00,52,1.00,Sus scrofa (Wild boar),0,2,0
3274,1685,184,435,32,40,1.00,48,1.00,Sus scrofa (Wild boar),0,0,0
3274,1686,175,417,35,34,1.00,48,1.00,Sus scrofa (Wild boar),0,0,0
3274,1687,238,429,36,40,1.00,52,1.00,Sus scrofa (Wild boar),0,2,0
3274,1688,273,402,34,43,1.00,52,1.00,Sus scrofa (Wild boar),0,2,0
3274,1689,242,401,36,25,1.00,52,1.00,Sus scrofa (Wild boar),0,2,0
3274,1690,222,380,34,36,1.00,22,1.00,Homo sapiens (Human),0,0,0
3294,1683,308,634,44,38,1.00,52,1.00,Sus scrofa (Wild boar),0,2,0
3294,1684,270,616,49,31,1.00,52,1.00,Sus scrofa (Wild boar),0,2,0
3294,1685,137,421,32,40,1.00,48,1.00,Sus scrofa (Wild boar),0,0,0
3294,1686,128,403,35,34,1.00,48,1.00,Sus scrofa (Wild boar),0,0,0
3294,1687,191,415,36,40,1.00,52,1.00,Sus scrofa (Wild boar),0,2,0
3294,1688,221,388,34,43,1.00,52,1.00,Sus scrofa (Wild boar),0,2,0
3294,1689,195,388,36,25,1.00,52,1.00,Sus scrofa (Wild boar),0,2,0
3294,1690,174,370,34,36,1.00,22,1.00,Homo sapiens (Human),0,0,0
3314,1683,263,620,44,38,1.00,52,1.00,Sus scrofa (Wild boar),0,2,0
3314,1684,225,602,49,31,1.00,52,1.00,Sus scrofa (Wild boar),0,2,0
3314,1685,92,407,32,40,1.00,48,1.00,Sus scrofa (Wild boar),0,0,0
3314,1686,83,389,35,34,1.00,48,1.00,Sus scrofa (Wild boar),0,0,0
3314,1687,146,401,36,40,1.00,52,1.00,Sus scrofa (Wild boar),0,2,0
3314,1688,169,382,34,43,1.00,52,1.00,Sus scrofa (Wild boar),0,2,0
3314,1689,149,378,36,25,1.00,52,1.00,Sus scrofa (Wild boar),0,2,0
3314,1690,129,356,34,36,1.00,22,1.00,Homo sapiens (Human),0,0,0
3324,1683,241,614,44,38,1.00,52,1.00,Sus scrofa (Wild boar),0,2,0
3324,1684,203,596,49,31,1.00,52,1.00,Sus scrofa (Wild boar),0,2,0
3324,1685,73,405,32,40,1.00,48,1.00,Sus scrofa (Wild boar),0,0,0
3324,1686,57,383,35,34,1.00,48,1.00,Sus scrofa (Wild boar),0,0,0
3324,1687,121,392,36,40,1.00,52,1.00,Sus scrofa (Wild boar),0,2,0
3324,1688,146,374,34,43,1.00,52,1.00,Sus scrofa (Wild boar),0,2,0
3324,1689,127,367,36,25,1.00,52,1.00,Sus scrofa (Wild boar),0,2,0
3324,1690,107,344,34,36,1.00,22,1.00,Homo sapiens (Human),0,0,0
3344,1683,194,590,44,38,1.00,52,1.00,Sus scrofa (Wild boar),0,2,0
3344,1684,156,572,49,31,1.00,52,1.00,Sus scrofa (Wild boar),0,2,0
3344,1685,24,381,32,40,1.00,48,1.00,Sus scrofa (Wild boar),0,0,0
3344,1686,12,363,35,34,1.00,48,1.00,Sus scrofa (Wild boar),0,0,0
3344,1687,77,373,36,40,1.00,52,1.00,Sus scrofa (Wild boar),0,2,0
3344,1688,95,350,34,43,1.00,52,1.00,Sus scrofa (Wild boar),0,2,0
3344,1689,80,347,36,25,1.00,52,1.00,Sus scrofa (Wild boar),0,2,0
3344,1690,53,328,34,36,1.00,22,1.00,Homo sapiens (Human),0,0,0
3359,1683,165,574,44,38,1.00,52,1.00,Sus scrofa (Wild boar),0,2,0
3359,1684,127,556,49,31,1.00,52,1.00,Sus scrofa (Wild boar),0,2,0
3359,1685,0,365,27,40,1.00,48,1.00,Sus scrofa (Wild boar),0,0,0
3359,1686,0,347,18,34,1.00,48,1.00,Sus scrofa (Wild boar),0,0,0
3359,1687,44,357,36,40,1.00,52,1.00,Sus scrofa (Wild boar),0,2,0
3359,1688,66,334,34,43,1.00,52,1.00,Sus scrofa (Wild boar),0,2,0
3359,1689,51,331,36,25,1.00,52,1.00,Sus scrofa (Wild boar),0,2,0
3359,1690,26,318,34,36,1.00,22,1.00,Homo sapiens (Human),0,0,0
3369,1683,143,562,44,38,1.00,52,1.00,Sus scrofa (Wild boar),0,2,0
3369,1684,105,544,49,31,1.00,52,1.00,Sus scrofa (Wild boar),0,2,0
3369,1687,22,345,36,40,1.00,52,1.00,Sus scrofa (Wild boar),0,2,0
3369,1688,44,322,34,43,1.00,52,1.00,Sus scrofa (Wild boar),0,2,0
3369,1689,29,319,36,25,1.00,52,1.00,Sus scrofa (Wild boar),0,2,0
3369,1690,4,306,34,36,1.00,22,1.00,Homo sapiens (Human),0,0,0
3379,1683,121,550,44,38,1.00,52,1.00,Sus scrofa (Wild boar),0,2,0
3379,1684,83,532,49,31,1.00,52,1.00,Sus scrofa (Wild boar),0,2,0
3379,1687,0,333,36,40,1.00,52,1.00,Sus scrofa (Wild boar),0,2,0
3379,1688,22,310,34,43,1.00,52,1.00,Sus scrofa (Wild boar),0,2,0
3379,1689,7,307,36,25,1.00,52,1.00,Sus scrofa (Wild boar),0,2,0
3389,1683,101,535,44,38,1.00,52,1.00,Sus scrofa (Wild boar),0,2,0
3389,1684,63,517,49,31,1.00,52,1.00,Sus scrofa (Wild boar),0,2,0
3389,1687,0,318,16,40,1.00,52,1.00,Sus scrofa (Wild boar),0,2,0
3389,1688,2,295,34,43,1.00,52,1.00,Sus scrofa (Wild boar),0,2,0
3389,1689,0,292,23,25,1.00,52,1.00,Sus scrofa (Wild boar),0,2,0
3399,1683,87,518,44,38,1.00,52,1.00,Sus scrofa (Wild boar),0,2,0
3399,1684,49,500,49,31,1.00,52,1.00,Sus scrofa (Wild boar),0,2,0
3399,1688,0,278,22,43,1.00,52,1.00,Sus scrofa (Wild boar),0,2,0
3419,1683,48,489,44,38,1.00,52,1.00,Sus scrofa (Wild boar),0,2,0
3419,1684,10,471,49,31,1.00,52,1.00,Sus scrofa (Wild boar),0,2,0
3439,1683,16,456,44,38,1.00,52,1.00,Sus scrofa (Wild boar),0,2,0
3439,1684,0,438,27,31,1.00,52,1.00,Sus scrofa (Wild boar),0,2,0
3459,1683,0,415,28,38,1.00,52,1.00,Sus scrofa (Wild boar),0,2,0
5837,1691,168,80,53,34,1.00,52,1.00,Sus scrofa (Wild boar),0,2,0
5843,1691,171,93,53,34,1.00,52,1.00,Sus scrofa (Wild boar),0,2,0
5843,1692,141,81,50,35,1.00,52,1.00,Sus scrofa (Wild boar),0,2,0
5863,1691,186,136,53,34,1.00,52,1.00,Sus scrofa (Wild boar),0,2,0
5863,1692,165,125,50,35,1.00,52,1.00,Sus scrofa (Wild boar),0,2,0
5883,1691,203,185,53,34,1.00,52,1.00,Sus scrofa (Wild boar),0,2,0
5883,1692,182,174,50,35,1.00,52,1.00,Sus scrofa (Wild boar),0,2,0
5903,1691,211,240,53,34,1.00,52,1.00,Sus scrofa (Wild boar),0,2,0
5903,1692,190,229,50,35,1.00,52,1.00,Sus scrofa (Wild boar),0,2,0
5913,1691,215,268,53,34,1.00,52,1.00,Sus scrofa (Wild boar),0,2,0
5913,1692,194,257,50,35,1.00,52,1.00,Sus scrofa (Wild boar),0,2,0
5913,1693,167,82,47,31,1.00,52,1.00,Sus scrofa (Wild boar),0,2,0
5933,1691,218,316,53,34,1.00,52,1.00,Sus scrofa (Wild boar),0,2,0
5933,1692,197,305,50,35,1.00,52,1.00,Sus scrofa (Wild boar),0,2,0
5933,1693,158,131,47,31,1.00,52,1.00,Sus scrofa (Wild boar),0,2,0
5933,1694,144,93,47,27,1.00,52,1.00,Sus scrofa (Wild boar),0,2,0
5943,1691,215,345,53,34,1.00,52,1.00,Sus scrofa (Wild boar),0,2,0
5943,1692,194,334,50,35,1.00,52,1.00,Sus scrofa (Wild boar),0,2,0
5943,1693,155,160,47,31,1.00,52,1.00,Sus scrofa (Wild boar),0,2,0
5943,1694,141,122,47,27,1.00,52,1.00,Sus scrofa (Wild boar),0,2,0
5943,1695,120,78,53,29,1.00,52,1.00,Sus scrofa (Wild boar),0,2,0
5943,1696,66,99,23,32,1.00,48,1.00,Sus scrofa (Wild boar),0,0,0
5943,1697,36,90,28,42,1.00,48,1.00,Sus scrofa (Wild boar),0,0,0
5953,1691,211,368,53,34,1.00,52,1.00,Sus scrofa (Wild boar),0,2,0
5953,1692,190,357,50,35,1.00,52,1.00,Sus scrofa (Wild boar),0,2,0
5953,1693,147,188,47,31,1.00,52,1.00,Sus scrofa (Wild boar),0,2,0
5953,1694,137,145,47,27,1.00,52,1.00,Sus scrofa (Wild boar),0,2,0
5953,1695,117,104,53,29,1.00,52,1.00,Sus scrofa (Wild boar),0,2,0
5953,1696,61,122,23,32,1.00,48,1.00,Sus scrofa (Wild boar),0,0,0
5953,1697,32,113,28,42,1.00,48,1.00,Sus scrofa (Wild boar),0,0,0
5953,1698,101,83,40,37,1.00,22,1.00,Homo sapiens (Human),0,0,0
5963,1691,204,393,53,34,1.00,52,1.00,Sus scrofa (Wild boar),0,2,0
5963,1692,183,382,50,35,1.00,52,1.00,Sus scrofa (Wild boar),0,2,0
5963,1693,135,220,47,31,1.00,52,1.00,Sus scrofa (Wild boar),0,2,0
5963,1694,132,170,47,27,1.00,52,1.00,Sus scrofa (Wild boar),0,2,0
5963,1695,107,129,53,29,1.00,52,1.00,Sus scrofa (Wild boar),0,2,0
5963,1696,57,145,23,32,1.00,48,1.00,Sus scrofa (Wild boar),0,0,0
5963,1697,29,136,28,42,1.00,48,1.00,Sus scrofa (Wild boar),0,0,0
5963,1698,94,108,40,37,1.00,22,1.00,Homo sapiens (Human),0,0,0
5973,1691,200,420,53,34,1.00,52,1.00,Sus scrofa (Wild boar),0,2,0
5973,1692,179,409,50,35,1.00,52,1.00,Sus scrofa (Wild boar),0,2,0
5973,1693,120,249,47,31,1.00,52,1.00,Sus scrofa (Wild boar),0,2,0
5973,1694,128,197,47,27,1.00,52,1.00,Sus scrofa (Wild boar),0,2,0
5973,1695,103,156,53,29,1.00,52,1.00,Sus scrofa (Wild boar),0,2,0
5973,1696,51,172,23,32,1.00,48,1.00,Sus scrofa (Wild boar),0,0,0
5973,1697,23,163,28,42,1.00,48,1.00,Sus scrofa (Wild boar),0,0,0
5973,1698,89,135,40,37,1.00,22,1.00,Homo sapiens (Human),0,0,0
5983,1691,188,444,53,34,1.00,52,1.00,Sus scrofa (Wild boar),0,2,0
5983,1692,167,433,50,35,1.00,52,1.00,Sus scrofa (Wild boar),0,2,0
5983,1693,108,273,47,31,1.00,52,1.00,Sus scrofa (Wild boar),0,2,0
5983,1694,116,221,47,27,1.00,52,1.00,Sus scrofa (Wild boar),0,2,0
5983,1695,91,180,53,29,1.00,52,1.00,Sus scrofa (Wild boar),0,2,0
5983,1696,39,194,23,32,1.00,48,1.00,Sus scrofa (Wild boar),0,0,0
5983,1697,11,187,28,42,1.00,48,1.00,Sus scrofa (Wild boar),0,0,0
5983,1698,77,159,40,37,1.00,22,1.00,Homo sapiens (Human),0,0,0
5993,1691,183,466,41,30,1.00,52,1.00,Sus scrofa (Wild boar),0,2,0
5993,1692,162,462,42,49,1.00,52,1.00,Sus scrofa (Wild boar),0,2,0
5993,1693,86,300,47,31,1.00,52,1.00,Sus scrofa (Wild boar),0,2,0
5993,1694,110,247,47,27,1.00,52,1.00,Sus scrofa (Wild boar),0,2,0
5993,1695,85,206,53,29,1.00,52,1.00,Sus scrofa (Wild boar),0,2,0
5993,1696,33,220,23,32,1.00,48,1.00,Sus scrofa (Wild boar),0,0,0
5993,1697,5,213,28,42,1.00,48,1.00,Sus scrofa (Wild boar),0,0,0
5993,1698,71,185,40,37,1.00,22,1.00,Homo sapiens (Human),0,0,0
6003,1691,174,491,41,30,1.00,52,1.00,Sus scrofa (Wild boar),0,2,0
6003,1692,153,487,42,49,1.00,52,1.00,Sus scrofa (Wild boar),0,2,0
6003,1693,69,323,47,31,1.00,52,1.00,Sus scrofa (Wild boar),0,2,0
6003,1694,101,261,37,35,1.00,52,1.00,Sus scrofa (Wild boar),0,2,0
6003,1695,72,230,53,29,1.00,52,1.00,Sus scrofa (Wild boar),0,2,0
6003,1696,24,245,23,32,1.00,48,1.00,Sus scrofa (Wild boar),0,0,0
6003,1697,0,238,24,42,1.00,48,1.00,Sus scrofa (Wild boar),0,0,0
6003,1698,61,207,40,37,1.00,22,1.00,Homo sapiens (Human),0,0,0
6013,1691,158,513,41,30,1.00,52,1.00,Sus scrofa (Wild boar),0,2,0
6013,1692,139,514,42,49,1.00,52,1.00,Sus scrofa (Wild boar),0,2,0
6013,1693,48,337,47,31,1.00,52,1.00,Sus scrofa (Wild boar),0,2,0
6013,1694,85,277,37,35,1.00,52,1.00,Sus scrofa (Wild boar),0,2,0
6013,1695,51,244,53,29,1.00,52,1.00,Sus scrofa (Wild boar),0,2,0
6013,1696,3,259,23,32,1.00,48,1.00,Sus scrofa (Wild boar),0,0,0
6013,1697,0,252,3,42,1.00,48,1.00,Sus scrofa (Wild boar),0,0,0
6013,1698,40,221,40,37,1.00,22,1.00,Homo sapiens (Human),0,0,0
6023,1691,146,529,41,30,1.00,52,1.00,Sus scrofa (Wild boar),0,2,0
6023,1692,126,534,42,49,1.00,52,1.00,Sus scrofa (Wild boar),0,2,0
6023,1693,32,355,47,31,1.00,52,1.00,Sus scrofa (Wild boar),0,2,0
6023,1694,69,295,37,35,1.00,52,1.00,Sus scrofa (Wild boar),0,2,0
6023,1695,39,265,53,29,1.00,52,1.00,Sus scrofa (Wild boar),0,2,0
6023,1698,27,239,40,37,1.00,22,1.00,Homo sapiens (Human),0,0,0
6033,1691,129,544,41,30,1.00,52,1.00,Sus scrofa (Wild boar),0,2,0
6033,1692,116,551,42,49,1.00,52,1.00,Sus scrofa (Wild boar),0,2,0
6033,1693,16,366,45,39,1.00,52,1.00,Sus scrofa (Wild boar),0,2,0
6033,1694,64,327,37,35,1.00,52,1.00,Sus scrofa (Wild boar),0,2,0
6033,1695,24,287,53,29,1.00,52,1.00,Sus scrofa (Wild boar),0,2,0
6033,1698,10,262,40,37,1.00,22,1.00,Homo sapiens (Human),0,0,0
6047,1691,107,572,41,30,1.00,52,1.00,Sus scrofa (Wild boar),0,2,0
6047,1692,93,575,42,49,1.00,52,1.00,Sus scrofa (Wild boar),0,2,0
6047,1693,0,386,35,39,1.00,52,1.00,Sus scrofa (Wild boar),0,2,0
6047,1694,41,341,37,35,1.00,52,1.00,Sus scrofa (Wild boar),0,2,0
6047,1695,0,316,53,29,1.00,52,1.00,Sus scrofa (Wild boar),0,2,0
6047,1698,0,291,27,37,1.00,22,1.00,Homo sapiens (Human),0,0,0
6057,1691,88,589,41,30,1.00,52,1.00,Sus scrofa (Wild boar),0,2,0
6057,1692,74,592,42,49,1.00,52,1.00,Sus scrofa (Wild boar),0,2,0
6057,1693,0,403,16,39,1.00,52,1.00,Sus scrofa (Wild boar),0,2,0
6057,1694,22,359,37,35,1.00,52,1.00,Sus scrofa (Wild boar),0,2,0
6057,1695,0,333,33,29,1.00,52,1.00,Sus scrofa (Wild boar),0,2,0
6067,1691,70,599,41,30,1.00,52,1.00,Sus scrofa (Wild boar),0,2,0
6067,1692,56,602,42,49,1.00,52,1.00,Sus scrofa (Wild boar),0,2,0
6067,1694,0,377,35,35,1.00,52,1.00,Sus scrofa (Wild boar),0,2,0
6077,1691,48,616,41,30,1.00,52,1.00,Sus scrofa (Wild boar),0,2,0
6077,1692,34,619,42,49,1.00,52,1.00,Sus scrofa (Wild boar),0,2,0
6097,1691,1,624,41,30,1.00,52,1.00,Sus scrofa (Wild boar),0,2,0
6097,1692,0,634,27,49,1.00,52,1.00,Sus scrofa (Wild boar),0,2,0
6107,1691,0,624,28,30,1.00,52,1.00,Sus scrofa (Wild boar),0,2,0
6327,1699,992,545,32,47,1.00,14,0.50,Capreolus capreolus (Roe deer),0,0,0
6347,1699,964,497,33,47,1.00,14,0.50,Capreolus capreolus (Roe deer),0,0,0
6360,1699,944,446,33,47,1.00,14,0.50,Capreolus capreolus (Roe deer),0,0,0
6364,1699,936,438,33,47,1.00,14,0.50,Capreolus capreolus (Roe deer),0,0,0
6367,1699,931,427,33,47,1.00,14,0.50,Capreolus capreolus (Roe deer),0,0,0
6387,1699,901,363,33,47,1.00,14,0.50,Capreolus capreolus (Roe deer),0,0,0
6407,1699,866,300,33,47,1.00,14,0.50,Capreolus capreolus (Roe deer),0,0,0
6413,1699,857,280,33,47,1.00,14,0.50,Capreolus capreolus (Roe deer),0,0,0
6427,1699,837,233,33,47,1.00,14,0.50,Capreolus capreolus (Roe deer),0,0,0
6447,1699,810,167,33,47,1.00,14,0.50,Capreolus capreolus (Roe deer),0,0,0
6467,1699,784,99,33,47,1.00,14,0.50,Capreolus capreolus (Roe deer),0,0,0
6477,1699,767,65,33,47,1.00,14,0.50,Capreolus capreolus (Roe deer),0,0,0
8522,1700,338,125,29,32,1.00,14,0.50,Capreolus capreolus (Roe deer),0,0,0
8542,1700,305,185,29,32,1.00,14,0.50,Capreolus capreolus (Roe deer),0,0,0
8562,1700,273,226,35,36,1.00,14,0.50,Capreolus capreolus (Roe deer),0,0,0
8582,1700,223,254,35,36,1.00,14,0.50,Capreolus capreolus (Roe deer),0,0,0
8602,1700,175,266,35,36,1.00,14,0.50,Capreolus capreolus (Roe deer),0,0,0
8622,1700,116,252,35,36,1.00,14,0.50,Capreolus capreolus (Roe deer),0,0,0
8628,1700,102,245,35,36,1.00,14,0.50,Capreolus capreolus (Roe deer),0,0,0
8642,1700,69,228,35,36,1.00,14,0.50,Capreolus capreolus (Roe deer),0,0,0
8662,1700,23,197,35,36,1.00,14,0.50,Capreolus capreolus (Roe deer),0,0,0
