3070,1737,513,87,43,35,1.00,49,0.50,Sus scrofa (Wild boar),0,0,0
3090,1737,523,140,43,35,1.00,49,0.50,Sus scrofa (Wild boar),0,0,0
3090,1738,498,81,41,36,1.00,49,0.50,Sus scrofa (Wild boar),0,0,0
3100,1737,529,176,43,35,1.00,49,0.50,Sus scrofa (Wild boar),0,0,0
3100,1738,499,117,41,36,1.00,49,0.50,Sus scrofa (Wild boar),0,0,0
3120,1737,521,224,43,35,1.00,49,0.50,Sus scrofa (Wild boar),0,0,0
3120,1738,504,181,41,36,1.00,49,0.50,Sus scrofa (Wild boar),0,0,0
3140,1737,513,280,43,35,1.00,49,0.50,Sus scrofa (Wild boar),0,0,0
3140,1738,502,236,41,36,1.00,49,0.50,Sus scrofa (Wild boar),0,0,0
3160,1737,495,335,43,35,1.00,49,0.50,Sus scrofa (Wild boar),0,0,0
3160,1738,486,290,41,36,1.00,49,0.50,Sus scrofa (Wild boar),0,0,0
3180,1737,476,385,43,35,1.00,49,0.50,Sus scrofa (Wild boar),0,0,0
3180,1738,467,340,41,36,1.00,49,0.50,Sus scrofa (Wild boar),0,0,0
3200,1737,449,431,43,35,1.00,49,0.50,Sus scrofa (Wild boar),0,0,0
3200,1738,438,387,41,36,1.00,49,0.50,Sus scrofa (Wild boar),0,0,0
3218,1734,1002,800,22,59,1.00,53,0.50,Sus scrofa (Wild boar),0,2,0
3220,1734,997,802,27,59,1.00,53,0.50,Sus scrofa (Wild boar),0,2,0
3220,1737,413,466,43,35,1.00,49,0.50,Sus scrofa (Wild boar),0,0,0
3220,1738,402,422,41,36,1.00,49,0.50,Sus scrofa (Wild boar),0,0,0
3240,1734,946,821,52,59,1.00,53,0.50,Sus scrofa (Wild boar),0,2,0
3240,1737,369,483,43,35,1.00,49,0.50,Sus scrofa (Wild boar),0,0,0
3240,1738,358,439,41,36,1.00,49,0.50,Sus scrofa (Wild boar),0,0,0
3260,1734,895,828,52,59,1.00,53,0.50,Sus scrofa (Wild boar),0,2,0
3260,1737,321,495,43,35,1.00,49,0.50,Sus scrofa (Wild boar),0,0,0
3260,1738,307,445,41,36,1.00,49,0.50,Sus scrofa (Wild boar),0,0,0
3280,1734,842,825,52,59,1.00,53,0.50,Sus scrofa (Wild boar),0,2,0
3280,1737,275,494,43,35,1.00,49,0.50,Sus scrofa (Wild boar),0,0,0
3280,1738,261,449,41,36,1.00,49,0.50,Sus scrofa (Wild boar),0,0,0
3300,1734,794,822,52,59,1.00,53,0.50,Sus scrofa (Wild boar),0,2,0
3300,1737,225,490,43,35,1.00,49,0.50,Sus scrofa (Wild boar),0,0,0
3300,1738,216,451,41,36,1.00,49,0.50,Sus scrofa (Wild boar),0,0,0
3310,1735,989,896,35,43,1.00,53,0.50,Sus scrofa (Wild boar),0,2,0
3310,1736,765,820,52,59,1.00,53,0.50,Sus scrofa (Wild boar),0,2,0
3320,1735,965,894,37,43,1.00,53,0.50,Sus scrofa (Wild boar),0,2,0
3320,1736,741,821,44,49,1.00,53,0.50,Sus scrofa (Wild boar),0,2,0
3320,1737,179,485,43,35,1.00,49,0.50,Sus scrofa (Wild boar),0,0,0
3320,1738,166,446,41,36,1.00,49,0.50,Sus scrofa (Wild boar),0,0,0
3340,1735,910,880,37,43,1.00,53,0.50,Sus scrofa (Wild boar),0,2,0
3340,1736,686,807,44,49,1.00,53,0.50,Sus scrofa (Wild boar),0,2,0
3340,1737,131,473,43,35,1.00,49,0.50,Sus scrofa (Wild boar),0,0,0
3340,1738,118,434,41,36,1.00,49,0.50,Sus scrofa (Wild boar),0,0,0
3360,1735,859,865,37,43,1.00,53,0.50,Sus scrofa (Wild boar),0,2,0
3360,1736,635,790,44,49,1.00,53,0.50,Sus scrofa (Wild boar),0,2,0
3360,1737,80,457,43,35,1.00,49,0.50,Sus scrofa (Wild boar),0,0,0
3360,1738,67,418,41,36,1.00,49,0.50,Sus scrofa (Wild boar),0,0,0
3380,1735,808,840,37,43,1.00,53,0.50,Sus scrofa (Wild boar),0,2,0
3380,1736,584,765,44,49,1.00,53,0.50,Sus scrofa (Wild boar),0,2,0
3380,1737,37,436,43,35,1.00,49,0.50,Sus scrofa (Wild boar),0,0,0
3380,1738,20,393,41,36,1.00,49,0.50,Sus scrofa (Wild boar),0,0,0
3400,1735,758,814,37,43,1.00,53,0.50,Sus scrofa (Wild boar),0,2,0
3400,1736,534,739,44,49,1.00,53,0.50,Sus scrofa (Wild boar),0,2,0
3400,1737,0,412,31,35,1.00,49,0.50,Sus scrofa (Wild boar),0,0,0
3400,1738,0,365,17,36,1.00,49,0.50,Sus scrofa (Wild boar),0,0,0
3405,1735,747,807,37,43,1.00,53,0.50,Sus scrofa (Wild boar),0,2,0
3405,1736,523,732,44,49,1.00,53,0.50,Sus scrofa (Wild boar),0,2,0
3405,1737,0,405,20,35,1.00,49,0.50,Sus scrofa (Wild boar),0,0,0
3425,1735,697,775,37,43,1.00,53,0.50,Sus scrofa (Wild boar),0,2,0
3425,1736,473,700,44,49,1.00,53,0.50,Sus scrofa (Wild boar),0,2,0
3429,1735,687,768,37,43,1.00,53,0.50,Sus scrofa (Wild boar),0,2,0
3429,1736,465,693,44,49,1.00,53,0.50,Sus scrofa (Wild boar),0,2,0
3445,1735,646,741,37,43,1.00,53,0.50,Sus scrofa (Wild boar),0,2,0
3445,1736,434,666,44,49,1.00,53,0.50,Sus scrofa (Wild boar),0,2,0
3465,1735,601,691,37,43,1.00,53,0.50,Sus scrofa (Wild boar),0,2,0
3465,1736,390,630,44,49,1.00,53,0.50,Sus scrofa (Wild boar),0,2,0
3485,1735,549,643,37,43,1.00,53,0.50,Sus scrofa (Wild boar),0,2,0
3485,1736,350,582,44,49,1.00,53,0.50,Sus scrofa (Wild boar),0,2,0
3505,1735,500,586,37,43,1.00,53,0.50,Sus scrofa (Wild boar),0,2,0
3505,1736,309,538,44,49,1.00,53,0.50,Sus scrofa (Wild boar),0,2,0
3505,1739,688,891,38,41,1.00,53,0.50,Sus scrofa (Wild boar),0,2,0
3525,1735,460,529,37,43,1.00,53,0.50,Sus scrofa (Wild boar),0,2,0
3525,1736,273,487,44,49,1.00,53,0.50,Sus scrofa (Wild boar),0,2,0
3525,1739,648,834,38,41,1.00,53,0.50,Sus scrofa (Wild boar),0,2,0
3545,1735,422,473,37,43,1.00,53,0.50,Sus scrofa (Wild boar),0,2,0
3545,1736,243,442,44,49,1.00,53,0.50,Sus scrofa (Wild boar),0,2,0
3545,1739,603,777,38,41,1.00,53,0.50,Sus scrofa (Wild boar),0,2,0
3565,1735,384,412,37,43,1.00,53,0.50,Sus scrofa (Wild boar),0,2,0
3565,1736,214,387,44,49,1.00,53,0.50,Sus scrofa (Wild boar),0,2,0
3565,1739,565,717,38,41,1.00,53,0.50,Sus scrofa (Wild boar),0,2,0
3585,1735,348,359,37,43,1.00,53,0.50,Sus scrofa (Wild boar),0,2,0
3585,1736,190,338,44,49,1.00,53,0.50,Sus scrofa (Wild boar),0,2,0
3585,1739,533,658,38,41,1.00,53,0.50,Sus scrofa (Wild boar),0,2,0
3605,1735,318,300,37,43,1.00,53,0.50,Sus scrofa (Wild boar),0,2,0
3605,1736,168,279,44,49,1.00,53,0.50,Sus scrofa (Wild boar),0,2,0
3605,1739,502,604,38,41,1.00,53,0.50,Sus scrofa (Wild boar),0,2,0
3615,1735,302,273,37,43,1.00,53,0.50,Sus scrofa (Wild boar),0,2,0
3615,1736,152,252,44,49,1.00,53,0.50,Sus scrofa (Wild boar),0,2,0
3615,1739,486,577,38,41,1.00,53,0.50,Sus scrofa (Wild boar),0,2,0
3625,1735,291,253,37,43,1.00,53,0.50,Sus scrofa (Wild boar),0,2,0
3625,1736,141,232,44,49,1.00,53,0.50,Sus scrofa (Wild boar),0,2,0
3625,1739,475,557,38,41,1.00,53,0.50,Sus scrofa (Wild boar),0,2,0
3629,1735,294,253,37,43,1.00,53,0.50,Sus scrofa (Wild boar),0,2,0
3629,1736,144,232,44,49,1.00,53,0.50,Sus scrofa (Wild boar),0,2,0
3629,1739,478,557,38,41,1.00,53,0.50,Sus scrofa (Wild boar),0,2,0
3630,1735,260,192,37,43,1.00,53,0.50,Sus scrofa (Wild boar),0,2,0
3630,1736,110,171,44,49,1.00,53,0.50,Sus scrofa (Wild boar),0,2,0
3630,1739,444,496,38,41,1.00,53,0.50,Sus scrofa (Wild boar),0,2,0
3650,1735,234,141,37,43,1.00,53,0.50,Sus scrofa (Wild boar),0,2,0
3650,1736,100,117,44,49,1.00,53,0.50,Sus scrofa (Wild boar),0,2,0
3650,1739,421,446,38,41,1.00,53,0.50,Sus scrofa (Wild boar),0,2,0
3670,1735,208,92,37,43,1.00,53,0.50,Sus scrofa (Wild boar),0,2,0
3670,1736,74,68,44,49,1.00,53,0.50,Sus scrofa (Wild boar),0,2,0
3670,1739,395,397,38,41,1.00,53,0.50,Sus scrofa (Wild boar),0,2,0
3680,1735,196,64,37,43,1.00,53,0.50,Sus scrofa (Wild boar),0,2,0
3680,1736,62,40,44,49,1.00,53,0.50,Sus scrofa (Wild boar),0,2,0
3680,1739,383,369,38,41,1.00,53,0.50,Sus scrofa (Wild boar),0,2,0
3700,1739,357,312,38,41,1.00,53,0.50,Sus scrofa (Wild boar),0,2,0
3720,1739,335,266,38,41,1.00,53,0.50,Sus scrofa (Wild boar),0,2,0
3740,1739,312,218,38,41,1.00,53,0.50,Sus scrofa (Wild boar),0,2,0
3760,1739,291,159,38,41,1.00,53,0.50,Sus scrofa (Wild boar),0,2,0
3780,1739,267,105,38,41,1.00,53,0.50,Sus scrofa (Wild boar),0,2,0
3787,1739,257,82,38,41,1.00,53,0.50,Sus scrofa (Wild boar),0,2,0
3790,1739,253,72,38,41,1.00,53,0.50,Sus scrofa (Wild boar),0,2,0
4933,1740,397,104,38,40,1.00,53,0.50,Sus scrofa (Wild boar),0,2,0
4953,1740,422,130,38,40,1.00,53,0.50,Sus scrofa (Wild boar),0,2,0
4973,1740,451,162,38,40,1.00,53,0.50,Sus scrofa (Wild boar),0,2,0
4983,1740,465,176,38,40,1.00,53,0.50,Sus scrofa (Wild boar),0,2,0
4983,1741,553,88,42,38,1.00,53,0.50,Sus scrofa (Wild boar),0,2,0
5003,1740,498,207,38,40,1.00,53,0.50,Sus scrofa (Wild boar),0,2,0
5003,1741,582,122,42,38,1.00,53,0.50,Sus scrofa (Wild boar),0,2,0
5023,1740,530,237,38,40,1.00,53,0.50,Sus scrofa (Wild boar),0,2,0
5023,1741,614,149,42,38,1.00,53,0.50,Sus scrofa (Wild boar),0,2,0
5043,1740,564,262,38,40,1.00,53,0.50,Sus scrofa (Wild boar),0,2,0
5043,1741,648,174,42,38,1.00,53,0.50,Sus scrofa (Wild boar),0,2,0
5063,1740,597,288,38,40,1.00,53,0.50,Sus scrofa (Wild boar),0,2,0
5063,1741,680,203,42,38,1.00,53,0.50,Sus scrofa (Wild boar),0,2,0
5083,1740,632,321,38,40,1.00,53,0.50,Sus scrofa (Wild boar),0,2,0
5083,1741,715,236,42,38,1.00,53,0.50,Sus scrofa (Wild boar),0,2,0
5103,1740,664,346,38,40,1.00,53,0.50,Sus scrofa (Wild boar),0,2,0
5103,1741,752,261,42,38,1.00,53,0.50,Sus scrofa (Wild boar),0,2,0
5123,1740,703,375,38,40,1.00,53,0.50,Sus scrofa (Wild boar),0,2,0
5123,1741,791,290,42,38,1.00,53,0.50,Sus scrofa (Wild boar),0,2,0
5143,1740,731,397,38,40,1.00,53,0.50,Sus scrofa (Wild boar),0,2,0
5143,1741,819,312,42,38,1.00,53,0.50,Sus scrofa (Wild boar),0,2,0
5163,1740,772,422,38,40,1.00,53,0.50,Sus scrofa (Wild boar),0,2,0
5163,1741,860,337,42,38,1.00,53,0.50,Sus scrofa (Wild boar),0,2,0
5183,1740,807,451,38,40,1.00,53,0.50,Sus scrofa (Wild boar),0,2,0
5183,1741,895,366,42,38,1.00,53,0.50,Sus scrofa (Wild boar),0,2,0
5203,1740,846,477,38,40,1.00,53,0.50,Sus scrofa (Wild boar),0,2,0
5203,1741,934,392,42,38,1.00,53,0.50,Sus scrofa (Wild boar),0,2,0
5223,1740,884,498,38,40,1.00,53,0.50,Sus scrofa (Wild boar),0,2,0
5223,1741,972,413,42,38,1.00,53,0.50,Sus scrofa (Wild boar),0,2,0
5236,1740,904,513,38,40,1.00,53,0.50,Sus scrofa (Wild boar),0,2,0
5236,1741,1001,430,23,38,1.00,53,0.50,Sus scrofa (Wild boar),0,2,0
5256,1740,940,541,38,40,1.00,53,0.50,Sus scrofa (Wild boar),0,2,0
5276,1740,976,566,38,40,1.00,53,0.50,Sus scrofa (Wild boar),0,2,0
5290,1740,1006,586,18,40,1.00,53,0.50,Sus scrofa (Wild boar),0,2,0
5636,1744,419,73,47,45,1.00,53,0.50,Sus scrofa (Wild boar),0,2,0
5646,1744,451,94,47,45,1.00,53,0.50,Sus scrofa (Wild boar),0,2,0
5666,1744,489,124,47,45,1.00,53,0.50,Sus scrofa (Wild boar),0,2,0
5686,1744,531,153,47,45,1.00,53,0.50,Sus scrofa (Wild boar),0,2,0
5706,1742,336,74,36,47,1.00,53,0.50,Sus scrofa (Wild boar),0,2,0
5706,1743,377,71,31,47,1.00,53,0.50,Sus scrofa (Wild boar),0,2,0
5706,1744,572,180,47,45,1.00,53,0.50,Sus scrofa (Wild boar),0,2,0
5716,1742,356,93,36,47,1.00,53,0.50,Sus scrofa (Wild boar),0,2,0
5716,1743,397,90,31,47,1.00,53,0.50,Sus scrofa (Wild boar),0,2,0
5716,1744,592,199,47,45,1.00,53,0.50,Sus scrofa (Wild boar),0,2,0
5736,1742,399,121,36,47,1.00,53,0.50,Sus scrofa (Wild boar),0,2,0
5736,1743,440,118,31,47,1.00,53,0.50,Sus scrofa (Wild boar),0,2,0
5736,1744,635,234,47,45,1.00,53,0.50,Sus scrofa (Wild boar),0,2,0
5756,1742,433,156,36,47,1.00,53,0.50,Sus scrofa (Wild boar),0,2,0
5756,1743,474,153,31,47,1.00,53,0.50,Sus scrofa (Wild boar),0,2,0
5756,1744,669,269,47,45,1.00,53,0.50,Sus scrofa (Wild boar),0,2,0
5776,1742,471,192,36,47,1.00,53,0.50,Sus scrofa (Wild boar),0,2,0
5776,1743,512,189,31,47,1.00,53,0.50,Sus scrofa (Wild boar),0,2,0
5776,1744,707,305,47,45,1.00,53,0.50,Sus scrofa (Wild boar),0,2,0
5786,1742,491,208,36,47,1.00,53,0.50,Sus scrofa (Wild boar),0,2,0
5786,1743,532,205,31,47,1.00,53,0.50,Sus scrofa (Wild boar),0,2,0
5786,1744,727,321,47,45,1.00,53,0.50,Sus scrofa (Wild boar),0,2,0
5806,1742,520,242,42,51,1.00,53,0.50,Sus scrofa (Wild boar),0,2,0
5806,1743,570,240,29,51,1.00,53,0.50,Sus scrofa (Wild boar),0,2,0
5806,1744,767,361,51,49,1.00,53,0.50,Sus scrofa (Wild boar),0,2,0
5819,1742,542,268,42,51,1.00,53,0.50,Sus scrofa (Wild boar),0,2,0
5819,1743,594,269,29,51,1.00,53,0.50,Sus scrofa (Wild boar),0,2,0
5819,1744,789,387,51,49,1.00,53,0.50,Sus scrofa (Wild boar),0,2,0
5826,1742,554,282,42,51,1.00,53,0.50,Sus scrofa (Wild boar),0,2,0
5826,1743,607,284,29,51,1.00,53,0.50,Sus scrofa (Wild boar),0,2,0
5826,1744,801,401,51,49,1.00,53,0.50,Sus scrofa (Wild boar),0,2,0
5836,1742,570,302,42,51,1.00,53,0.50,Sus scrofa (Wild boar),0,2,0
5836,1743,620,300,29,51,1.00,53,0.50,Sus scrofa (Wild boar),0,2,0
5836,1744,814,417,51,49,1.00,53,0.50,Sus scrofa (Wild boar),0,2,0
5856,1742,604,342,42,51,1.00,53,0.50,Sus scrofa (Wild boar),0,2,0
5856,1743,654,340,29,51,1.00,53,0.50,Sus scrofa (Wild boar),0,2,0
5856,1744,848,457,51,49,1.00,53,0.50,Sus scrofa (Wild boar),0,2,0
5876,1742,630,391,42,51,1.00,53,0.50,Sus scrofa (Wild boar),0,2,0
5876,1743,680,389,29,51,1.00,53,0.50,Sus scrofa (Wild boar),0,2,0
5876,1744,878,511,51,49,1.00,53,0.50,Sus scrofa (Wild boar),0,2,0
5896,1742,659,433,42,51,1.00,53,0.50,Sus scrofa (Wild boar),0,2,0
5896,1743,709,431,29,51,1.00,53,0.50,Sus scrofa (Wild boar),0,2,0
5896,1744,907,553,51,49,1.00,53,0.50,Sus scrofa (Wild boar),0,2,0
5911,1742,675,472,42,51,1.00,53,0.50,Sus scrofa (Wild boar),0,2,0
5911,1743,725,470,29,51,1.00,53,0.50,Sus scrofa (Wild boar),0,2,0
5911,1744,923,592,51,49,1.00,53,0.50,Sus scrofa (Wild boar),0,2,0
5916,1742,680,485,42,51,1.00,53,0.50,Sus scrofa (Wild boar),0,2,0
5916,1743,730,483,29,51,1.00,53,0.50,Sus scrofa (Wild boar),0,2,0
5916,1744,928,605,51,49,1.00,53,0.50,Sus scrofa (Wild boar),0,2,0
5931,1745,13,113,40,35,1.00,49,0.50,Sus scrofa (Wild boar),0,0,0
5931,1746,34,87,42,35,1.00,49,0.50,Sus scrofa (Wild boar),0,0,0
5936,1742,693,533,42,51,1.00,53,0.50,Sus scrofa (Wild boar),0,2,0
5936,1743,743,531,29,51,1.00,53,0.50,Sus scrofa (Wild boar),0,2,0
5936,1744,941,653,51,49,1.00,53,0.50,Sus scrofa (Wild boar),0,2,0
5951,1745,24,158,40,35,1.00,49,0.50,Sus scrofa (Wild boar),0,0,0
5951,1746,42,138,42,35,1.00,49,0.50,Sus scrofa (Wild boar),0,0,0
5956,1742,702,586,42,51,1.00,53,0.50,Sus scrofa (Wild boar),0,2,0
5956,1743,752,584,29,51,1.00,53,0.50,Sus scrofa (Wild boar),0,2,0
5956,1744,950,706,51,49,1.00,53,0.50,Sus scrofa (Wild boar),0,2,0
5971,1745,28,214,40,35,1.00,49,0.50,Sus scrofa (Wild boar),0,0,0
5971,1746,44,183,42,35,1.00,49,0.50,Sus scrofa (Wild boar),0,0,0
5976,1742,703,642,42,51,1.00,53,0.50,Sus scrofa (Wild boar),0,2,0
5976,1743,753,640,29,51,1.00,53,0.50,Sus scrofa (Wild boar),0,2,0
5976,1744,951,762,51,49,1.00,53,0.50,Sus scrofa (Wild boar),0,2,0
5991,1745,29,263,40,35,1.00,49,0.50,Sus scrofa (Wild boar),0,0,0
5991,1746,46,238,42,35,1.00,49,0.50,Sus scrofa (Wild boar),0,0,0
5996,1742,698,689,42,51,1.00,53,0.50,Sus scrofa (Wild boar),0,2,0
5996,1743,748,687,29,51,1.00,53,0.50,Sus scrofa (Wild boar),0,2,0
5996,1744,943,815,51,49,1.00,53,0.50,Sus scrofa (Wild boar),0,2,0
6001,1742,694,702,42,51,1.00,53,0.50,Sus scrofa (Wild boar),0,2,0
6001,1743,744,700,29,51,1.00,53,0.50,Sus scrofa (Wild boar),0,2,0
6001,1744,939,828,51,49,1.00,53,0.50,Sus scrofa (Wild boar),0,2,0
6011,1745,18,314,40,35,1.00,49,0.50,Sus scrofa (Wild boar),0,0,0
6011,1746,35,289,42,35,1.00,49,0.50,Sus scrofa (Wild boar),0,0,0
6016,1742,682,740,42,51,1.00,53,0.50,Sus scrofa (Wild boar),0,2,0
6016,1743,732,738,29,51,1.00,53,0.50,Sus scrofa (Wild boar),0,2,0
6016,1744,927,866,51,49,1.00,53,0.50,Sus scrofa (Wild boar),0,2,0
6031,1745,2,361,40,35,1.00,49,0.50,Sus scrofa (Wild boar),0,0,0
6031,1746,19,336,42,35,1.00,49,0.50,Sus scrofa (Wild boar),0,0,0
6036,1742,662,792,42,51,1.00,53,0.50,Sus scrofa (Wild boar),0,2,0
6036,1743,712,790,29,51,1.00,53,0.50,Sus scrofa (Wild boar),0,2,0
6036,1744,907,918,51,49,1.00,53,0.50,Sus scrofa (Wild boar),0,2,0
6041,1745,0,387,27,35,1.00,49,0.50,Sus scrofa (Wild boar),0,0,0
6041,1746,4,362,42,35,1.00,49,0.50,Sus scrofa (Wild boar),0,0,0
6051,1745,0,405,6,35,1.00,49,0.50,Sus scrofa (Wild boar),0,0,0
6051,1746,0,380,25,35,1.00,49,0.50,Sus scrofa (Wild boar),0,0,0
6056,1742,635,834,42,51,1.00,53,0.50,Sus scrofa (Wild boar),0,2,0
6056,1743,685,832,29,51,1.00,53,0.50,Sus scrofa (Wild boar),0,2,0
6076,1742,606,875,42,51,1.00,53,0.50,Sus scrofa (Wild boar),0,2,0
6076,1743,656,873,29,51,1.00,53,0.50,Sus scrofa (Wild boar),0,2,0
6081,1742,595,885,42,51,1.00,53,0.50,Sus scrofa (Wild boar),0,2,0
6081,1743,645,883,29,51,1.00,53,0.50,Sus scrofa (Wild boar),0,2,0
6086,1742,583,895,42,51,1.00,53,0.50,Sus scrofa (Wild boar),0,2,0
6086,1743,633,893,29,51,1.00,53,0.50,Sus scrofa (Wild boar),0,2,0
6166,1747,375,894,33,48,1.00,53,0.50,Sus scrofa (Wild boar),0,2,0
6166,1748,413,898,45,37,1.00,53,0.50,Sus scrofa (Wild boar),0,2,0
6176,1747,352,880,33,48,1.00,53,0.50,Sus scrofa (Wild boar),0,2,0
6176,1748,390,884,45,37,1.00,53,0.50,Sus scrofa (Wild boar),0,2,0
6186,1747,328,865,33,48,1.00,53,0.50,Sus scrofa (Wild boar),0,2,0
6186,1748,366,869,45,37,1.00,53,0.50,Sus scrofa (Wild boar),0,2,0
6206,1747,278,832,33,48,1.00,53,0.50,Sus scrofa (Wild boar),0,2,0
6206,1748,316,836,45,37,1.00,53,0.50,Sus scrofa (Wild boar),0,2,0
6226,1747,224,789,33,48,1.00,53,0.50,Sus scrofa (Wild boar),0,2,0
6226,1748,262,793,45,37,1.00,53,0.50,Sus scrofa (Wild boar),0,2,0
6236,1747,200,769,33,48,1.00,53,0.50,Sus scrofa (Wild boar),0,2,0
6236,1748,238,773,45,37,1.00,53,0.50,Sus scrofa (Wild boar),0,2,0
6236,1749,406,895,53,32,1.00,53,0.50,Sus scrofa (Wild boar),0,2,0
6256,1747,158,732,33,48,1.00,53,0.50,Sus scrofa (Wild boar),0,2,0
6256,1748,196,736,45,37,1.00,53,0.50,Sus scrofa (Wild boar),0,2,0
6256,1749,364,858,53,32,1.00,53,0.50,Sus scrofa (Wild boar),0,2,0
6276,1747,115,687,33,48,1.00,53,0.50,Sus scrofa (Wild boar),0,2,0
6276,1748,153,691,45,37,1.00,53,0.50,Sus scrofa (Wild boar),0,2,0
6276,1749,321,813,53,32,1.00,53,0.50,Sus scrofa (Wild boar),0,2,0
6296,1747,62,643,33,48,1.00,53,0.50,Sus scrofa (Wild boar),0,2,0
6296,1748,97,647,45,37,1.00,53,0.50,Sus scrofa (Wild boar),0,2,0
6296,1749,287,764,53,32,1.00,53,0.50,Sus scrofa (Wild boar),0,2,0
6316,1747,15,599,33,48,1.00,53,0.50,Sus scrofa (Wild boar),0,2,0
6316,1748,50,603,45,37,1.00,53,0.50,Sus scrofa (Wild boar),0,2,0
6316,1749,240,720,53,32,1.00,53,0.50,Sus scrofa (Wild boar),0,2,0
6326,1747,0,578,25,48,1.00,53,0.50,Sus scrofa (Wild boar),0,2,0
6326,1748,27,582,45,37,1.00,53,0.50,Sus scrofa (Wild boar),0,2,0
6326,1749,217,699,53,32,1.00,53,0.50,Sus scrofa (Wild boar),0,2,0
6339,1748,0,547,39,37,1.00,53,0.50,Sus scrofa (Wild boar),0,2,0
6339,1749,184,664,53,32,1.00,53,0.50,Sus scrofa (Wild boar),0,2,0
6359,1749,140,617,53,32,1.00,53,0.50,Sus scrofa (Wild boar),0,2,0
6379,1749,88,568,53,32,1.00,53,0.50,Sus scrofa (Wild boar),0,2,0
6399,1749,40,513,53,32,1.00,53,0.50,Sus scrofa (Wild boar),0,2,0
6419,1749,1,459,53,32,1.00,53,0.50,Sus scrofa (Wild boar),0,2,0
6431,1749,0,422,27,32,1.00,53,0.50,Sus scrofa (Wild boar),0,2,0
6674,1750,1006,726,18,41,1.00,53,0.50,Sus scrofa (Wild boar),0,2,0
6674,1751,933,795,44,49,1.00,53,0.50,Sus scrofa (Wild boar),0,2,0
6694,1750,976,693,46,41,1.00,53,0.50,Sus scrofa (Wild boar),0,2,0
6694,1751,903,762,44,49,1.00,53,0.50,Sus scrofa (Wild boar),0,2,0
6704,1750,964,669,46,41,1.00,53,0.50,Sus scrofa (Wild boar),0,2,0
6704,1751,891,738,44,49,1.00,53,0.50,Sus scrofa (Wild boar),0,2,0
6724,1750,951,628,46,41,1.00,53,0.50,Sus scrofa (Wild boar),0,2,0
6724,1751,878,697,44,49,1.00,53,0.50,Sus scrofa (Wild boar),0,2,0
6744,1750,929,588,46,41,1.00,53,0.50,Sus scrofa (Wild boar),0,2,0
6744,1751,856,657,44,49,1.00,53,0.50,Sus scrofa (Wild boar),0,2,0
6764,1750,910,546,46,41,1.00,53,0.50,Sus scrofa (Wild boar),0,2,0
6764,1751,837,615,44,49,1.00,53,0.50,Sus scrofa (Wild boar),0,2,0
6784,1750,887,508,46,41,1.00,53,0.50,Sus scrofa (Wild boar),0,2,0
6784,1751,814,577,44,49,1.00,53,0.50,Sus scrofa (Wild boar),0,2,0
6804,1750,863,469,46,41,1.00,53,0.50,Sus scrofa (Wild boar),0,2,0
6804,1751,790,538,44,49,1.00,53,0.50,Sus scrofa (Wild boar),0,2,0
6824,1750,849,430,46,41,1.00,53,0.50,Sus scrofa (Wild boar),0,2,0
6824,1751,776,499,44,49,1.00,53,0.50,Sus scrofa (Wild boar),0,2,0
6844,1750,828,389,46,41,1.00,53,0.50,Sus scrofa (Wild boar),0,2,0
6844,1751,763,457,44,49,1.00,53,0.50,Sus scrofa (Wild boar),0,2,0
6864,1750,803,349,46,41,1.00,53,0.50,Sus scrofa (Wild boar),0,2,0
6864,1751,738,417,44,49,1.00,53,0.50,Sus scrofa (Wild boar),0,2,0
6884,1750,779,304,46,41,1.00,53,0.50,Sus scrofa (Wild boar),0,2,0
6884,1751,716,373,44,49,1.00,53,0.50,Sus scrofa (Wild boar),0,2,0
6904,1750,757,268,46,41,1.00,53,0.50,Sus scrofa (Wild boar),0,2,0
6904,1751,694,337,44,49,1.00,53,0.50,Sus scrofa (Wild boar),0,2,0
6924,1750,730,222,46,41,1.00,53,0.50,Sus scrofa (Wild boar),0,2,0
6924,1751,667,291,44,49,1.00,53,0.50,Sus scrofa (Wild boar),0,2,0
6944,1750,711,181,46,41,1.00,53,0.50,Sus scrofa (Wild boar),0,2,0
6944,1751,648,250,44,49,1.00,53,0.50,Sus scrofa (Wild boar),0,2,0
6964,1750,688,145,46,41,1.00,53,0.50,Sus scrofa (Wild boar),0,2,0
6964,1751,625,214,44,49,1.00,53,0.50,Sus scrofa (Wild boar),0,2,0
6984,1750,661,107,46,41,1.00,53,0.50,Sus scrofa (Wild boar),0,2,0
6984,1751,598,176,44,49,1.00,53,0.50,Sus scrofa (Wild boar),0,2,0
6996,1750,650,83,46,41,1.00,53,0.50,Sus scrofa (Wild boar),0,2,0
6996,1751,587,152,44,49,1.00,53,0.50,Sus scrofa (Wild boar),0,2,0
7016,1751,563,119,44,49,1.00,53,0.50,Sus scrofa (Wild boar),0,2,0
7039,1751,533,71,44,49,1.00,53,0.50,Sus scrofa (Wild boar),0,2,0
7762,1753,0,110,20,40,1.00,49,0.50,Sus scrofa (Wild boar),0,0,0
7772,1753,0,124,34,40,1.00,49,0.50,Sus scrofa (Wild boar),0,0,0
7792,1752,0,209,15,36,1.00,49,0.50,Sus scrofa (Wild boar),0,0,0
7792,1753,26,151,37,40,1.00,49,0.50,Sus scrofa (Wild boar),0,0,0
7812,1752,9,234,37,36,1.00,49,0.50,Sus scrofa (Wild boar),0,0,0
7812,1753,57,176,37,40,1.00,49,0.50,Sus scrofa (Wild boar),0,0,0
7832,1752,34,258,37,36,1.00,49,0.50,Sus scrofa (Wild boar),0,0,0
7832,1753,82,200,37,40,1.00,49,0.50,Sus scrofa (Wild boar),0,0,0
7852,1752,64,282,37,36,1.00,49,0.50,Sus scrofa (Wild boar),0,0,0
7852,1753,112,224,37,40,1.00,49,0.50,Sus scrofa (Wild boar),0,0,0
7872,1752,100,305,37,36,1.00,49,0.50,Sus scrofa (Wild boar),0,0,0
7872,1753,148,247,37,40,1.00,49,0.50,Sus scrofa (Wild boar),0,0,0
7892,1752,127,327,37,36,1.00,49,0.50,Sus scrofa (Wild boar),0,0,0
7892,1753,175,269,37,40,1.00,49,0.50,Sus scrofa (Wild boar),0,0,0
7912,1752,162,352,37,36,1.00,49,0.50,Sus scrofa (Wild boar),0,0,0
7912,1753,210,294,37,40,1.00,49,0.50,Sus scrofa (Wild boar),0,0,0
7932,1752,192,376,37,36,1.00,49,0.50,Sus scrofa (Wild boar),0,0,0
7932,1753,240,318,37,40,1.00,49,0.50,Sus scrofa (Wild boar),0,0,0
7952,1752,224,400,37,36,1.00,49,0.50,Sus scrofa (Wild boar),0,0,0
7952,1753,272,342,37,40,1.00,49,0.50,Sus scrofa (Wild boar),0,0,0
7972,1752,257,420,37,36,1.00,49,0.50,Sus scrofa (Wild boar),0,0,0
7972,1753,305,362,37,40,1.00,49,0.50,Sus scrofa (Wild boar),0,0,0
7992,1752,287,447,37,36,1.00,49,0.50,Sus scrofa (Wild boar),0,0,0
7992,1753,335,389,37,40,1.00,49,0.50,Sus scrofa (Wild boar),0,0,0
8012,1752,319,468,37,36,1.00,49,0.50,Sus scrofa (Wild boar),0,0,0
8012,1753,367,410,37,40,1.00,49,0.50,Sus scrofa (Wild boar),0,0,0
8032,1752,353,490,37,36,1.00,49,0.50,Sus scrofa (Wild boar),0,0,0
8032,1753,401,432,37,40,1.00,49,0.50,Sus scrofa (Wild boar),0,0,0
8052,1752,386,513,37,36,1.00,49,0.50,Sus scrofa (Wild boar),0,0,0
8052,1753,441,456,37,40,1.00,49,0.50,Sus scrofa (Wild boar),0,0,0
8072,1752,414,538,37,36,1.00,49,0.50,Sus scrofa (Wild boar),0,0,0
8072,1753,469,481,37,40,1.00,49,0.50,Sus scrofa (Wild boar),0,0,0
8092,1752,451,558,37,36,1.00,49,0.50,Sus scrofa (Wild boar),0,0,0
8092,1753,506,501,37,40,1.00,49,0.50,Sus scrofa (Wild boar),0,0,0
8112,1752,483,584,37,36,1.00,49,0.50,Sus scrofa (Wild boar),0,0,0
8112,1753,538,527,37,40,1.00,49,0.50,Sus scrofa (Wild boar),0,0,0
8132,1752,518,612,37,36,1.00,49,0.50,Sus scrofa (Wild boar),0,0,0
8132,1753,573,555,37,40,1.00,49,0.50,Sus scrofa (Wild boar),0,0,0
8152,1752,553,629,37,36,1.00,49,0.50,Sus scrofa (Wild boar),0,0,0
8152,1753,613,579,37,40,1.00,49,0.50,Sus scrofa (Wild boar),0,0,0
8172,1752,586,657,37,36,1.00,49,0.50,Sus scrofa (Wild boar),0,0,0
8172,1753,646,607,37,40,1.00,49,0.50,Sus scrofa (Wild boar),0,0,0
8192,1752,620,681,37,36,1.00,49,0.50,Sus scrofa (Wild boar),0,0,0
8192,1753,680,631,37,40,1.00,49,0.50,Sus scrofa (Wild boar),0,0,0
8196,1752,627,686,37,36,1.00,49,0.50,Sus scrofa (Wild boar),0,0,0
8196,1753,687,636,37,40,1.00,49,0.50,Sus scrofa (Wild boar),0,0,0
8212,1752,653,706,37,36,1.00,49,0.50,Sus scrofa (Wild boar),0,0,0
8212,1753,713,656,37,40,1.00,49,0.50,Sus scrofa (Wild boar),0,0,0
8232,1752,685,737,37,36,1.00,49,0.50,Sus scrofa (Wild boar),0,0,0
8232,1753,752,681,37,40,1.00,49,0.50,Sus scrofa (Wild boar),0,0,0
8252,1752,722,764,37,36,1.00,49,0.50,Sus scrofa (Wild boar),0,0,0
8252,1753,787,710,37,40,1.00,49,0.50,Sus scrofa (Wild boar),0,0,0
8272,1752,752,795,37,36,1.00,49,0.50,Sus scrofa (Wild boar),0,0,0
8272,1753,817,741,37,40,1.00,49,0.50,Sus scrofa (Wild boar),0,0,0
8292,1752,786,821,37,36,1.00,49,0.50,Sus scrofa (Wild boar),0,0,0
8292,1753,851,767,37,40,1.00,49,0.50,Sus scrofa (Wild boar),0,0,0
8312,1752,819,854,37,36,1.00,49,0.50,Sus scrofa (Wild boar),0,0,0
8312,1753,884,800,37,40,1.00,49,0.50,Sus scrofa (Wild boar),0,0,0
8332,1752,850,883,37,36,1.00,49,0.50,Sus scrofa (Wild boar),0,0,0
8332,1753,915,829,37,40,1.00,49,0.50,Sus scrofa (Wild boar),0,0,0
8352,1752,879,914,37,36,1.00,49,0.50,Sus scrofa (Wild boar),0,0,0
8352,1753,944,860,37,40,1.00,49,0.50,Sus scrofa (Wild boar),0,0,0
8378,1753,975,906,37,40,1.00,49,0.50,Sus scrofa (Wild boar),0,0,0
8398,1754,0,575,30,47,1.00,53,0.50,Sus scrofa (Wild boar),0,2,0
8408,1754,0,597,42,47,1.00,53,0.50,Sus scrofa (Wild boar),0,2,0
8423,1754,15,631,46,47,1.00,53,0.50,Sus scrofa (Wild boar),0,2,0
8443,1754,31,675,46,47,1.00,53,0.50,Sus scrofa (Wild boar),0,2,0
8463,1754,44,723,46,47,1.00,53,0.50,Sus scrofa (Wild boar),0,2,0
8483,1754,60,771,46,47,1.00,53,0.50,Sus scrofa (Wild boar),0,2,0
8503,1754,64,819,46,47,1.00,53,0.50,Sus scrofa (Wild boar),0,2,0
8523,1754,75,876,46,47,1.00,53,0.50,Sus scrofa (Wild boar),0,2,0
8533,1754,77,912,46,47,1.00,53,0.50,Sus scrofa (Wild boar),0,2,0
8878,1755,364,896,42,41,1.00,49,0.50,Sus scrofa (Wild boar),0,0,0
8888,1755,349,876,42,41,1.00,49,0.50,Sus scrofa (Wild boar),0,0,0
8898,1755,333,855,42,41,1.00,49,0.50,Sus scrofa (Wild boar),0,0,0
8898,1756,277,908,44,35,1.00,49,0.50,Sus scrofa (Wild boar),0,0,0
8908,1755,319,825,42,41,1.00,49,0.50,Sus scrofa (Wild boar),0,0,0
8908,1756,263,878,44,35,1.00,49,0.50,Sus scrofa (Wild boar),0,0,0
8928,1755,294,786,42,41,1.00,49,0.50,Sus scrofa (Wild boar),0,0,0
8928,1756,238,839,44,35,1.00,49,0.50,Sus scrofa (Wild boar),0,0,0
8948,1755,267,734,42,41,1.00,49,0.50,Sus scrofa (Wild boar),0,0,0
8948,1756,211,787,44,35,1.00,49,0.50,Sus scrofa (Wild boar),0,0,0
8958,1755,257,709,42,41,1.00,49,0.50,Sus scrofa (Wild boar),0,0,0
8958,1756,196,764,44,35,1.00,49,0.50,Sus scrofa (Wild boar),0,0,0
8978,1755,224,655,42,41,1.00,49,0.50,Sus scrofa (Wild boar),0,0,0
8978,1756,171,709,44,35,1.00,49,0.50,Sus scrofa (Wild boar),0,0,0
8998,1755,205,613,42,41,1.00,49,0.50,Sus scrofa (Wild boar),0,0,0
8998,1756,152,667,44,35,1.00,49,0.50,Sus scrofa (Wild boar),0,0,0
9013,1755,186,578,42,41,1.00,49,0.50,Sus scrofa (Wild boar),0,0,0
9013,1756,133,632,44,35,1.00,49,0.50,Sus scrofa (Wild boar),0,0,0
9018,1755,180,566,42,41,1.00,49,0.50,Sus scrofa (Wild boar),0,0,0
9018,1756,127,620,44,35,1.00,49,0.50,Sus scrofa (Wild boar),0,0,0
9038,1755,156,511,42,41,1.00,49,0.50,Sus scrofa (Wild boar),0,0,0
9038,1756,103,565,44,35,1.00,49,0.50,Sus scrofa (Wild boar),0,0,0
9058,1755,139,470,42,41,1.00,49,0.50,Sus scrofa (Wild boar),0,0,0
9058,1756,86,524,44,35,1.00,49,0.50,Sus scrofa (Wild boar),0,0,0
9078,1755,117,428,42,41,1.00,49,0.50,Sus scrofa (Wild boar),0,0,0
9078,1756,64,482,44,35,1.00,49,0.50,Sus scrofa (Wild boar),0,0,0
9098,1755,102,387,42,41,1.00,49,0.50,Sus scrofa (Wild boar),0,0,0
9098,1756,49,441,44,35,1.00,49,0.50,Sus scrofa (Wild boar),0,0,0
9118,1755,84,348,42,41,1.00,49,0.50,Sus scrofa (Wild boar),0,0,0
9118,1756,31,402,44,35,1.00,49,0.50,Sus scrofa (Wild boar),0,0,0
9138,1755,67,304,42,41,1.00,49,0.50,Sus scrofa (Wild boar),0,0,0
9138,1756,14,358,44,35,1.00,49,0.50,Sus scrofa (Wild boar),0,0,0
9158,1755,48,268,42,41,1.00,49,0.50,Sus scrofa (Wild boar),0,0,0
9158,1756,0,322,39,35,1.00,49,0.50,Sus scrofa (Wild boar),0,0,0
9178,1755,27,222,42,41,1.00,49,0.50,Sus scrofa (Wild boar),0,0,0
9178,1756,0,276,18,35,1.00,49,0.50,Sus scrofa (Wild boar),0,0,0
9188,1755,19,202,42,41,1.00,49,0.50,Sus scrofa (Wild boar),0,0,0
9188,1756,0,256,10,35,1.00,49,0.50,Sus scrofa (Wild boar),0,0,0
9208,1755,0,162,42,41,1.00,49,0.50,Sus scrofa (Wild boar),0,0,0
9228,1755,0,129,21,41,1.00,49,0.50,Sus scrofa (Wild boar),0,0,0
10197,1757,0,598,28,36,1.00,49,0.50,Sus scrofa (Wild boar),0,0,0
10207,1757,13,614,34,36,1.00,49,0.50,Sus scrofa (Wild boar),0,0,0
10207,1758,0,653,25,35,1.00,49,0.50,Sus scrofa (Wild boar),0,0,0
10222,1757,35,630,34,36,1.00,49,0.50,Sus scrofa (Wild boar),0,0,0
10222,1758,7,669,40,35,1.00,49,0.50,Sus scrofa (Wild boar),0,0,0
10222,1759,0,656,27,35,1.00,49,0.50,Sus scrofa (Wild boar),0,0,0
10235,1757,50,641,34,36,1.00,49,0.50,Sus scrofa (Wild boar),0,0,0
10235,1758,20,687,40,35,1.00,49,0.50,Sus scrofa (Wild boar),0,0,0
10235,1759,0,674,40,35,1.00,49,0.50,Sus scrofa (Wild boar),0,0,0
10245,1757,63,646,34,36,1.00,49,0.50,Sus scrofa (Wild boar),0,0,0
10245,1758,33,692,40,35,1.00,49,0.50,Sus scrofa (Wild boar),0,0,0
10245,1759,19,691,40,35,1.00,49,0.50,Sus scrofa (Wild boar),0,0,0
10255,1757,77,657,34,36,1.00,49,0.50,Sus scrofa (Wild boar),0,0,0
10255,1758,49,703,40,35,1.00,49,0.50,Sus scrofa (Wild boar),0,0,0
10255,1759,29,712,40,35,1.00,49,0.50,Sus scrofa (Wild boar),0,0,0
10275,1757,107,676,34,36,1.00,49,0.50,Sus scrofa (Wild boar),0,0,0
10275,1758,75,721,40,35,1.00,49,0.50,Sus scrofa (Wild boar),0,0,0
10275,1759,60,739,40,35,1.00,49,0.50,Sus scrofa (Wild boar),0,0,0
10283,1757,117,690,42,30,1.00,49,0.50,Sus scrofa (Wild boar),0,0,0
10283,1758,85,731,40,35,1.00,49,0.50,Sus scrofa (Wild boar),0,0,0
10283,1759,69,754,40,35,1.00,49,0.50,Sus scrofa (Wild boar),0,0,0
10285,1757,119,694,44,28,1.00,49,0.50,Sus scrofa (Wild boar),0,0,0
10285,1758,87,734,40,35,1.00,49,0.50,Sus scrofa (Wild boar),0,0,0
10285,1759,71,758,40,35,1.00,49,0.50,Sus scrofa (Wild boar),0,0,0
10295,1757,136,708,44,28,1.00,49,0.50,Sus scrofa (Wild boar),0,0,0
10295,1758,104,742,40,35,1.00,49,0.50,Sus scrofa (Wild boar),0,0,0
10295,1759,89,768,40,35,1.00,49,0.50,Sus scrofa (Wild boar),0,0,0
10297,1757,139,711,44,28,1.00,49,0.50,Sus scrofa (Wild boar),0,0,0
10297,1758,107,745,40,35,1.00,49,0.50,Sus scrofa (Wild boar),0,0,0
10297,1759,92,771,40,35,1.00,49,0.50,Sus scrofa (Wild boar),0,0,0
10305,1757,153,721,44,28,1.00,49,0.50,Sus scrofa (Wild boar),0,0,0
10305,1758,119,757,40,35,1.00,49,0.50,Sus scrofa (Wild boar),0,0,0
10305,1759,102,782,40,35,1.00,49,0.50,Sus scrofa (Wild boar),0,0,0
10325,1757,192,748,44,28,1.00,49,0.50,Sus scrofa (Wild boar),0,0,0
10325,1758,146,784,40,35,1.00,49,0.50,Sus scrofa (Wild boar),0,0,0
10325,1759,129,809,40,35,1.00,49,0.50,Sus scrofa (Wild boar),0,0,0
10345,1757,225,777,44,28,1.00,49,0.50,Sus scrofa (Wild boar),0,0,0
10345,1758,175,816,40,35,1.00,49,0.50,Sus scrofa (Wild boar),0,0,0
10345,1759,158,841,40,35,1.00,49,0.50,Sus scrofa (Wild boar),0,0,0
10365,1757,250,806,44,28,1.00,49,0.50,Sus scrofa (Wild boar),0,0,0
10365,1758,196,845,40,35,1.00,49,0.50,Sus scrofa (Wild boar),0,0,0
10365,1759,180,872,40,35,1.00,49,0.50,Sus scrofa (Wild boar),0,0,0
10375,1757,265,821,44,28,1.00,49,0.50,Sus scrofa (Wild boar),0,0,0
10375,1758,211,860,40,35,1.00,49,0.50,Sus scrofa (Wild boar),0,0,0
10375,1759,195,887,40,35,1.00,49,0.50,Sus scrofa (Wild boar),0,0,0
10395,1757,286,854,44,28,1.00,49,0.50,Sus scrofa (Wild boar),0,0,0
10395,1758,232,893,40,35,1.00,49,0.50,Sus scrofa (Wild boar),0,0,0
10395,1759,216,920,40,35,1.00,49,0.50,Sus scrofa (Wild boar),0,0,0
10405,1757,295,875,44,28,1.00,49,0.50,Sus scrofa (Wild boar),0,0,0
10405,1758,241,914,40,35,1.00,49,0.50,Sus scrofa (Wild boar),0,0,0
10425,1757,320,904,44,28,1.00,49,0.50,Sus scrofa (Wild boar),0,0,0
10445,1760,0,682,31,36,1.00,53,0.50,Sus scrofa (Wild boar),0,2,0
10455,1760,0,707,44,36,1.00,53,0.50,Sus scrofa (Wild boar),0,2,0
10465,1760,10,732,46,36,1.00,53,0.50,Sus scrofa (Wild boar),0,2,0
10485,1760,35,782,46,36,1.00,53,0.50,Sus scrofa (Wild boar),0,2,0
10505,1760,48,820,46,36,1.00,53,0.50,Sus scrofa (Wild boar),0,2,0
10513,1760,52,822,46,36,1.00,53,0.50,Sus scrofa (Wild boar),0,2,0
10514,1760,59,884,46,36,1.00,53,0.50,Sus scrofa (Wild boar),0,2,0
10534,1760,40,918,46,36,1.00,53,0.50,Sus scrofa (Wild boar),0,2,0
