0 0.287256 0.798682 0.031738 0.034473
0 0.248828 0.681885 0.029883 0.029395
0 0.183398 0.845996 0.035352 0.026172
0 0.306494 0.674854 0.044238 0.034668
0 0.162158 0.671436 0.039551 0.029395
0 0.087891 0.705273 0.037891 0.032422
0 0.673877 0.157617 0.041699 0.039453
0 0.188818 0.745801 0.046582 0.042383
0 0.188086 0.814648 0.040039 0.032031
0 0.163184 0.857666 0.038086 0.026855
0 0.133008 0.824609 0.040625 0.029102
0 0.092432 0.631396 0.035059 0.031348
0 0.129199 0.644482 0.033398 0.028027
0 0.102441 0.737939 0.029102 0.028223
0 0.131104 0.679297 0.035645 0.025586
0 0.140967 0.779248 0.033301 0.026660
0 0.168506 0.698877 0.035059 0.030371
0 0.408301 0.356250 0.042578 0.039648
0 0.124658 0.721631 0.034082 0.031152
0 0.120264 0.799561 0.030762 0.044824
0 0.169434 0.805908 0.032813 0.031152