0 0.288428 0.854932 0.034277 0.036230
0 0.250732 0.737109 0.032129 0.031250
0 0.175244 0.855859 0.037207 0.029492
0 0.307471 0.731543 0.043848 0.034961
0 0.672217 0.221777 0.040723 0.036914
0 0.192871 0.802295 0.042969 0.039746
0 0.129932 0.701904 0.031934 0.026270
0 0.139795 0.873828 0.043066 0.027930
0 0.162695 0.727393 0.038672 0.030176
0 0.096924 0.686816 0.034082 0.033203
0 0.092383 0.761963 0.037891 0.031348
0 0.079932 0.722607 0.036230 0.031543
0 0.132471 0.733496 0.036621 0.028711
0 0.105322 0.794531 0.031934 0.029102
0 0.141553 0.835254 0.034668 0.027539
0 0.169824 0.754687 0.034180 0.032227
0 0.409277 0.417480 0.044141 0.036914
0 0.131055 0.844580 0.033203 0.037793
0 0.125781 0.775391 0.033594 0.030469