0 0.812842 0.840771 0.031348 0.035645
0 0.837012 0.712891 0.043359 0.033594
0 0.777100 0.718359 0.033105 0.034766
0 0.706006 0.859277 0.041504 0.031250
0 0.685156 0.709424 0.038477 0.033496
0 0.653711 0.681738 0.037891 0.032422
0 0.714551 0.788232 0.039453 0.040137
0 0.606592 0.747998 0.039355 0.031543
0 0.702686 0.889502 0.036230 0.023730
0 0.649170 0.868018 0.040723 0.029395
0 0.616113 0.666113 0.036328 0.033984
0 0.621973 0.776465 0.035352 0.033594
0 0.694141 0.736523 0.033398 0.029883
0 0.596387 0.704785 0.035938 0.033008
0 0.961426 0.380127 0.048437 0.042285
0 0.635498 0.835596 0.024902 0.037988
0 0.800098 0.217725 0.041406 0.044629
0 0.641504 0.738135 0.036719 0.029004
0 0.654053 0.715869 0.039160 0.027441
0 0.696777 0.763965 0.032031 0.030469