0 0.842041 0.256055 0.031738 0.037305
0 0.725293 0.277441 0.038867 0.030664
0 0.804297 0.116357 0.031836 0.035840
0 0.869678 0.111426 0.043262 0.032422
0 0.708252 0.136377 0.036621 0.030371
0 0.720605 0.316797 0.039258 0.026367
0 0.733594 0.192480 0.043164 0.048633
0 0.615869 0.147607 0.044238 0.035840
0 0.658643 0.287695 0.042285 0.029492
0 0.653955 0.136572 0.039941 0.028809
0 0.691309 0.326904 0.037109 0.031543
0 0.643652 0.255273 0.029297 0.041797
0 0.670264 0.237207 0.037012 0.029492
0 0.629346 0.181836 0.034473 0.036523
0 0.715381 0.168750 0.032324 0.028906
0 0.703809 0.263281 0.030859 0.030469
0 0.668896 0.110840 0.037793 0.030664
0 0.655566 0.167187 0.035547 0.034961