0 0.787500 0.440430 0.032227 0.036133
0 0.822949 0.571533 0.031445 0.036035
0 0.851318 0.433936 0.044434 0.035059
0 0.713721 0.592773 0.040137 0.029492
0 0.691162 0.432324 0.042480 0.034375
0 0.656592 0.401904 0.037598 0.030762
0 0.609766 0.472168 0.040430 0.032227
0 0.620557 0.386621 0.037988 0.036914
0 0.721045 0.514990 0.038379 0.041113
0 0.650049 0.601367 0.038574 0.027734
0 0.625146 0.504541 0.038184 0.036230
0 0.599561 0.426611 0.037598 0.032910
0 0.658838 0.438721 0.038574 0.028809
0 0.701074 0.460889 0.034570 0.029785
0 0.682275 0.638477 0.032715 0.028906
0 0.710889 0.626611 0.035449 0.029199
0 0.662549 0.551904 0.034082 0.027051
0 0.636475 0.572656 0.026855 0.040234
0 0.690820 0.573779 0.030469 0.026660
0 0.648975 0.457910 0.031738 0.026172
0 0.701611 0.492578 0.027637 0.026562
0 0.646582 0.490186 0.031641 0.027832