0 0.812549 0.852148 0.031348 0.034961
0 0.836035 0.724170 0.043750 0.035059
0 0.775928 0.729688 0.031152 0.034180
0 0.707715 0.870459 0.040039 0.029785
0 0.685547 0.721924 0.039844 0.033105
0 0.712598 0.799658 0.039453 0.039355
0 0.606250 0.759033 0.039453 0.032324
0 0.700098 0.896191 0.036523 0.020508
0 0.649902 0.879150 0.041211 0.028809
0 0.652490 0.693018 0.035254 0.030176
0 0.617236 0.677734 0.034473 0.032227
0 0.599365 0.717920 0.043066 0.032324
0 0.654053 0.727979 0.034863 0.027832
0 0.620947 0.791113 0.031152 0.030469
0 0.694580 0.748779 0.032715 0.031543
0 0.648926 0.739111 0.033008 0.024512
0 0.635547 0.848633 0.025586 0.037109
0 0.640967 0.777100 0.028027 0.029590