0 0.283643 0.737646 0.032324 0.035059
0 0.182568 0.755176 0.036230 0.030078
0 0.246289 0.619189 0.031250 0.031934
0 0.158936 0.798340 0.036230 0.027539
0 0.302246 0.611279 0.044531 0.035645
0 0.081250 0.645605 0.040625 0.031250
0 0.184424 0.683105 0.042090 0.044141
0 0.126270 0.763721 0.041016 0.029199
0 0.157666 0.606250 0.040527 0.034766
0 0.088623 0.566895 0.033105 0.032812
0 0.068750 0.603857 0.037891 0.034473
0 0.096777 0.675830 0.030078 0.030957
0 0.126465 0.615137 0.038477 0.027734
0 0.124316 0.579053 0.033008 0.029785
0 0.182227 0.784180 0.031445 0.024609
0 0.134326 0.717432 0.034082 0.028027
0 0.163770 0.634277 0.034961 0.033984
0 0.407324 0.285986 0.043945 0.039941
0 0.117236 0.660498 0.031934 0.031152
0 0.116797 0.633887 0.036328 0.030078
0 0.242920 0.130957 0.043652 0.046875