0 0.838477 0.298682 0.032617 0.037207
0 0.800928 0.158789 0.032715 0.038672
0 0.723682 0.320801 0.039551 0.030469
0 0.867285 0.151123 0.044727 0.035254
0 0.701270 0.147705 0.044531 0.038770
0 0.666455 0.117822 0.039551 0.032715
0 0.729883 0.235937 0.047656 0.050000
0 0.655273 0.331396 0.041992 0.029395
0 0.690039 0.370996 0.038867 0.028320
0 0.613770 0.192578 0.042383 0.038086
0 0.717871 0.359473 0.037891 0.028320
0 0.709814 0.178662 0.035059 0.033887
0 0.643164 0.300537 0.029883 0.039941
0 0.667480 0.154736 0.037109 0.030762
0 0.706982 0.310547 0.031348 0.035742
0 0.629687 0.226465 0.035547 0.037305
0 0.652393 0.180225 0.039355 0.032129
0 0.709473 0.213086 0.033203 0.029688
0 0.604834 0.141162 0.035840 0.037988
0 0.672119 0.277881 0.034668 0.025879
0 0.654541 0.209619 0.035059 0.029980
0 0.631348 0.134766 0.034375 0.033789