0 0.842822 0.235254 0.032715 0.037305
0 0.726562 0.256982 0.040430 0.031348
0 0.615430 0.128613 0.043359 0.033398
0 0.689844 0.310059 0.040430 0.028320
0 0.659863 0.269189 0.042773 0.029590
0 0.711914 0.116553 0.038086 0.029785
0 0.721973 0.296143 0.038086 0.026270
0 0.654785 0.117969 0.042383 0.030469
0 0.733984 0.173437 0.042188 0.043945
0 0.630908 0.163086 0.035645 0.037695
0 0.804346 0.105420 0.027246 0.027051
0 0.645850 0.236865 0.033105 0.044238
0 0.704004 0.241650 0.031250 0.029980
0 0.711719 0.148828 0.029102 0.030469
0 0.655273 0.146094 0.035352 0.032227