0 0.811865 0.855859 0.030762 0.035352
0 0.836426 0.726367 0.042188 0.033203
0 0.706836 0.871777 0.042773 0.030859
0 0.776758 0.731250 0.032422 0.033789
0 0.684375 0.724023 0.037695 0.033203
0 0.651709 0.694580 0.037598 0.030957
0 0.606543 0.760693 0.040234 0.032129
0 0.713379 0.800879 0.039062 0.039844
0 0.648242 0.881738 0.044141 0.029492
0 0.693262 0.749561 0.032617 0.031152
0 0.657080 0.730469 0.037012 0.025586
0 0.616797 0.681836 0.035742 0.034180
0 0.597168 0.718115 0.037305 0.030762
0 0.961084 0.398242 0.048145 0.042383
0 0.620752 0.791992 0.030566 0.030664
0 0.641309 0.751953 0.036523 0.029297
0 0.635352 0.853369 0.030664 0.041113
0 0.644189 0.777490 0.034082 0.030176
0 0.687598 0.860742 0.032031 0.029102