0 0.775439 0.772070 0.033496 0.035742
0 0.834180 0.766406 0.043555 0.033789
0 0.685303 0.762549 0.041113 0.032715
0 0.809424 0.885938 0.032910 0.029102
0 0.658203 0.874512 0.037109 0.025586
0 0.688232 0.891455 0.036621 0.021387
0 0.607373 0.799219 0.041309 0.033398
0 0.713574 0.840381 0.037109 0.039551
0 0.650879 0.735107 0.035937 0.029004
0 0.615820 0.720166 0.037305 0.034082
0 0.620801 0.829102 0.037500 0.034766
0 0.655615 0.770410 0.038184 0.026172
0 0.599023 0.760010 0.039844 0.029980
0 0.693848 0.790039 0.033008 0.027930
0 0.642236 0.791553 0.037207 0.028027
0 0.643018 0.817871 0.034668 0.029102