0 0.788086 0.442383 0.032812 0.036523
0 0.822900 0.572168 0.031348 0.036133
0 0.850195 0.435693 0.042578 0.034473
0 0.693311 0.434033 0.038965 0.033691
0 0.713965 0.595020 0.038672 0.028516
0 0.977539 0.109863 0.044922 0.033789
0 0.720459 0.516748 0.039355 0.040918
0 0.650146 0.602539 0.041895 0.030859
0 0.682568 0.640869 0.037598 0.027051
0 0.659961 0.442529 0.038867 0.026465
0 0.657520 0.402832 0.037109 0.031055
0 0.700049 0.464600 0.035449 0.030957
0 0.620020 0.389746 0.036914 0.033398
0 0.610205 0.474365 0.039160 0.034277
0 0.600146 0.428174 0.036816 0.034277
0 0.623096 0.507080 0.031934 0.033887
0 0.710352 0.627881 0.035937 0.028613
0 0.663330 0.552637 0.032520 0.026953
0 0.691748 0.573730 0.031543 0.026172
0 0.637646 0.575342 0.024121 0.036621
0 0.703418 0.493115 0.029492 0.027832
0 0.644775 0.464307 0.036426 0.029199
0 0.646289 0.491211 0.032813 0.028711