0 0.839307 0.295654 0.032520 0.037012
0 0.801465 0.156348 0.032227 0.038086
0 0.867627 0.148779 0.044824 0.034668
0 0.702393 0.145264 0.046191 0.036035
0 0.614453 0.190576 0.045312 0.035254
0 0.721680 0.319727 0.039648 0.030664
0 0.690576 0.368604 0.038184 0.025684
0 0.731689 0.234473 0.043262 0.043164
0 0.721436 0.357373 0.037988 0.025879
0 0.656201 0.329736 0.041895 0.029590
0 0.652588 0.209961 0.033496 0.034180
0 0.604541 0.137158 0.033301 0.033887
0 0.711035 0.176514 0.034180 0.032910
0 0.628760 0.223193 0.036035 0.035059
0 0.653223 0.178125 0.036914 0.031641
0 0.671094 0.276221 0.035547 0.027637
0 0.666992 0.113818 0.034570 0.029004
0 0.706006 0.309619 0.029395 0.037012
0 0.642822 0.298193 0.033105 0.043848
0 0.709814 0.209717 0.032715 0.029980
0 0.668848 0.153076 0.039453 0.029004