0 0.798389 0.224121 0.034082 0.039258
0 0.834863 0.362061 0.033789 0.037402
0 0.722266 0.383154 0.039648 0.031152
0 0.700049 0.214844 0.044434 0.033203
0 0.863818 0.215918 0.045410 0.034375
0 0.666357 0.223047 0.039160 0.031445
0 0.654150 0.394189 0.041895 0.028418
0 0.728516 0.301172 0.039062 0.043359
0 0.612012 0.258643 0.040820 0.031738
0 0.686768 0.433594 0.040137 0.028906
0 0.717578 0.421094 0.035938 0.025781
0 0.624365 0.163672 0.035449 0.038477
0 0.643115 0.365527 0.028418 0.039062
0 0.709131 0.244238 0.034863 0.032617
0 0.602979 0.207959 0.036426 0.035645
0 0.663525 0.181885 0.037988 0.031348
0 0.708105 0.278564 0.029297 0.028613
0 0.669580 0.340771 0.035059 0.027637
0 0.649268 0.245996 0.037207 0.030469
0 0.627295 0.292432 0.034277 0.035449
0 0.648438 0.275342 0.035156 0.030566
0 0.699072 0.371387 0.031738 0.029492