0 0.814209 0.816357 0.032324 0.036426
0 0.838232 0.685693 0.041699 0.034277
0 0.776904 0.691504 0.031152 0.033789
0 0.707617 0.833838 0.041211 0.032520
0 0.702002 0.864355 0.036816 0.026563
0 0.685693 0.682764 0.040527 0.033691
0 0.714648 0.761816 0.039844 0.039648
0 0.607080 0.720459 0.038965 0.032324
0 0.615234 0.639404 0.036328 0.032715
0 0.648486 0.843506 0.039941 0.030566
0 0.652979 0.653662 0.036230 0.030762
0 0.598047 0.677881 0.047266 0.037012
0 0.679053 0.877100 0.034473 0.027246
0 0.654639 0.688916 0.036035 0.029004
0 0.620703 0.751563 0.031641 0.031445
0 0.695166 0.710498 0.032910 0.030566
0 0.660156 0.794629 0.033594 0.026562
0 0.962988 0.353320 0.048047 0.042187
0 0.642578 0.711377 0.036719 0.029395
0 0.634521 0.813477 0.029590 0.039258
0 0.697168 0.738428 0.032227 0.032910
0 0.618652 0.670850 0.032812 0.029980