0 0.274951 0.512451 0.031348 0.035059
0 0.235254 0.386621 0.030664 0.032812
0 0.145313 0.577197 0.035742 0.026660
0 0.171289 0.532471 0.036719 0.028613
0 0.293701 0.380566 0.045020 0.035938
0 0.142139 0.375781 0.043262 0.033008
0 0.063379 0.415088 0.043945 0.034277
0 0.109180 0.540576 0.041992 0.031543
0 0.173340 0.454736 0.043359 0.045410
0 0.107520 0.346631 0.037109 0.028613
0 0.070996 0.331885 0.037109 0.031934
0 0.099854 0.404443 0.035645 0.031152
0 0.082910 0.447705 0.033398 0.037988
0 0.051709 0.371045 0.037402 0.030566
0 0.149316 0.405957 0.035352 0.032227
0 0.168164 0.562256 0.031836 0.024512
0 0.110449 0.382129 0.037500 0.029102
0 0.079736 0.361377 0.031934 0.025488