0 0.788086 0.418457 0.033203 0.036914
0 0.824854 0.550244 0.031348 0.036816
0 0.852344 0.411523 0.042773 0.034766
0 0.693018 0.409863 0.038965 0.033594
0 0.657715 0.378516 0.037500 0.030664
0 0.715479 0.570898 0.037598 0.028711
0 0.608984 0.451709 0.039258 0.030566
0 0.621436 0.362061 0.037793 0.036621
0 0.720557 0.492822 0.040137 0.039746
0 0.651367 0.579736 0.040430 0.029199
0 0.682861 0.617041 0.036035 0.026465
0 0.700146 0.439600 0.036035 0.031543
0 0.600488 0.402734 0.037305 0.036328
0 0.623096 0.482324 0.032129 0.034766
0 0.710840 0.604541 0.036133 0.027441
0 0.658740 0.416748 0.038379 0.029590
0 0.664795 0.530273 0.032129 0.026172
0 0.638086 0.550049 0.024023 0.036621
0 0.650342 0.432617 0.032324 0.030078
0 0.703906 0.468066 0.032227 0.030469
0 0.645605 0.467529 0.033789 0.029590
0 0.697217 0.556689 0.028809 0.026465