0 0.284277 0.740625 0.031641 0.034961
0 0.246973 0.622168 0.030664 0.032227
0 0.182617 0.757764 0.037500 0.031348
0 0.160059 0.802002 0.036914 0.027246
0 0.302930 0.616504 0.045703 0.035938
0 0.157080 0.611670 0.039160 0.030762
0 0.081592 0.648779 0.041504 0.032715
0 0.183887 0.686182 0.044531 0.046387
0 0.125781 0.766357 0.040039 0.029004
0 0.123486 0.584180 0.035645 0.028125
0 0.088672 0.570703 0.035547 0.030664
0 0.070166 0.607568 0.041895 0.033691
0 0.097949 0.677246 0.034961 0.029688
0 0.128760 0.618457 0.042480 0.028711
0 0.164014 0.639209 0.036035 0.031543
0 0.181934 0.786328 0.031836 0.024805
0 0.406055 0.290967 0.043945 0.039746
0 0.134277 0.721680 0.032031 0.026563
0 0.166406 0.746338 0.032617 0.031934
0 0.118408 0.662109 0.033496 0.029102
0 0.241113 0.137256 0.042187 0.048145
0 0.118896 0.639697 0.034668 0.027832