0 0.795166 0.318555 0.033105 0.037891
0 0.829883 0.453076 0.031641 0.036035
0 0.858447 0.312451 0.043457 0.035059
0 0.718652 0.476221 0.038281 0.030371
0 0.695752 0.310693 0.040527 0.033691
0 0.610596 0.352051 0.040137 0.033594
0 0.725439 0.393750 0.037207 0.040625
0 0.653516 0.486035 0.040820 0.029102
0 0.686182 0.522412 0.036426 0.029590
0 0.662256 0.277197 0.037012 0.030762
0 0.600537 0.303613 0.040137 0.035156
0 0.663770 0.318408 0.038672 0.027637
0 0.622754 0.263525 0.038672 0.036621
0 0.713574 0.511182 0.036133 0.027051
0 0.704785 0.339990 0.035352 0.032520
0 0.624902 0.386475 0.031836 0.032715
0 0.667432 0.434473 0.033105 0.026953
0 0.647412 0.341895 0.039551 0.033398
0 0.705078 0.371729 0.029688 0.026270
0 0.651611 0.368506 0.033105 0.030566
0 0.640381 0.456152 0.030176 0.040430
0 0.695898 0.463281 0.033008 0.031641