0 0.821191 0.643896 0.031445 0.036035
0 0.784766 0.514502 0.032813 0.037012
0 0.848877 0.509082 0.045215 0.035742
0 0.712451 0.664062 0.037207 0.028906
0 0.656104 0.477148 0.036035 0.029297
0 0.690625 0.506006 0.041992 0.033496
0 0.609619 0.546191 0.037402 0.031250
0 0.719092 0.586768 0.038770 0.041309
0 0.622705 0.576709 0.035449 0.032910
0 0.619678 0.462256 0.036816 0.034473
0 0.649902 0.672656 0.038281 0.027148
0 0.682080 0.708447 0.036426 0.029199
0 0.598975 0.500439 0.040137 0.034863
0 0.709326 0.696729 0.037598 0.026465
0 0.657275 0.512256 0.036816 0.029395
0 0.661133 0.625293 0.035547 0.028320
0 0.697998 0.535107 0.031543 0.030176
0 0.974414 0.160742 0.049219 0.040625
0 0.647656 0.533301 0.032422 0.026563
0 0.646240 0.563525 0.031152 0.030957
0 0.637305 0.643994 0.024414 0.042676
0 0.700342 0.564893 0.032324 0.030566
0 0.691016 0.645801 0.031055 0.027539