0 0.281885 0.679004 0.031543 0.034961
0 0.242871 0.559229 0.030664 0.028223
0 0.301025 0.551953 0.043848 0.034375
0 0.182227 0.626123 0.039648 0.039551
0 0.076416 0.586670 0.041895 0.032129
0 0.179102 0.697998 0.035156 0.029004
0 0.178516 0.727490 0.030664 0.025293
0 0.122217 0.708105 0.039941 0.029297
0 0.152295 0.547656 0.039551 0.029883
0 0.066260 0.544385 0.038184 0.030957
0 0.117627 0.520654 0.031543 0.026855
0 0.113867 0.575879 0.036523 0.032617
0 0.154199 0.741895 0.033984 0.025195
0 0.127100 0.668799 0.033496 0.025293
0 0.093945 0.619580 0.031250 0.032324
0 0.083691 0.505859 0.035742 0.035547
0 0.122705 0.555322 0.034668 0.027637
0 0.405273 0.220264 0.046289 0.040918
0 0.112939 0.603369 0.031348 0.030176