0 0.843506 0.599414 0.042480 0.034375
0 0.817432 0.731055 0.030566 0.034766
0 0.782129 0.604248 0.033398 0.036426
0 0.709424 0.751953 0.038184 0.029492
0 0.617627 0.552344 0.038965 0.035937
0 0.608008 0.636426 0.037500 0.030664
0 0.687061 0.595801 0.038965 0.032617
0 0.649512 0.759961 0.040820 0.030078
0 0.716748 0.675293 0.038379 0.041602
0 0.679688 0.794629 0.037305 0.028711
0 0.655029 0.565674 0.036230 0.031348
0 0.708838 0.784033 0.037988 0.026465
0 0.656787 0.603125 0.038184 0.028125
0 0.696777 0.624561 0.033398 0.029590
0 0.599219 0.590039 0.037305 0.033789
0 0.661035 0.710498 0.035352 0.028027
0 0.968848 0.258105 0.050781 0.044336
0 0.621631 0.666602 0.030371 0.031836
0 0.636621 0.728027 0.022461 0.040430
0 0.643750 0.625244 0.036133 0.029395
0 0.644531 0.652295 0.030859 0.027441
0 0.697900 0.652588 0.029395 0.029395
0 0.688721 0.734473 0.029395 0.025781