0 0.281592 0.680176 0.032324 0.035742
0 0.243848 0.558789 0.030469 0.031836
0 0.155469 0.741162 0.036719 0.027441
0 0.300537 0.552930 0.044824 0.035352
0 0.153906 0.547314 0.043555 0.032129
0 0.183301 0.626465 0.040234 0.040039
0 0.076172 0.586621 0.041016 0.032031
0 0.177881 0.697266 0.037207 0.030078
0 0.121680 0.706055 0.041602 0.030078
0 0.065186 0.544922 0.038379 0.030859
0 0.119873 0.521484 0.035840 0.027539
0 0.124512 0.555859 0.038086 0.025586
0 0.084131 0.506250 0.036621 0.032617
0 0.094092 0.616553 0.035059 0.034668
0 0.405811 0.220654 0.043848 0.038965