0 0.840186 0.283496 0.032324 0.036914
0 0.802246 0.145068 0.033008 0.036621
0 0.724072 0.307812 0.039941 0.030273
0 0.868164 0.137354 0.045703 0.034668
0 0.703223 0.132764 0.045312 0.034863
0 0.604541 0.125391 0.037402 0.034180
0 0.615137 0.178369 0.044922 0.035059
0 0.716797 0.342920 0.036914 0.025488
0 0.732031 0.222119 0.042188 0.045801
0 0.656348 0.317432 0.042578 0.030176
0 0.690381 0.357275 0.035840 0.028418
0 0.711670 0.164355 0.033887 0.033008
0 0.629639 0.210840 0.035449 0.035938
0 0.654053 0.165430 0.036621 0.031836
0 0.671387 0.263916 0.036133 0.028809
0 0.705322 0.296094 0.028223 0.036328
0 0.642920 0.285645 0.033496 0.044336
0 0.710840 0.197607 0.032813 0.028809
0 0.628955 0.122266 0.033105 0.035156
0 0.653174 0.195020 0.034082 0.031836
0 0.669727 0.140967 0.041016 0.030371