0 0.839795 0.287061 0.033301 0.037402
0 0.802002 0.146338 0.035059 0.039551
0 0.867480 0.138965 0.045117 0.034375
0 0.702686 0.135693 0.044824 0.038379
0 0.668066 0.122314 0.041016 0.035059
0 0.604590 0.127588 0.037305 0.034473
0 0.723535 0.308740 0.041602 0.031738
0 0.656592 0.319727 0.042090 0.029102
0 0.732471 0.224268 0.043066 0.045996
0 0.642432 0.289746 0.026660 0.033789
0 0.690283 0.359375 0.035645 0.028516
0 0.614062 0.180176 0.042578 0.037695
0 0.720312 0.344385 0.035742 0.026465
0 0.711621 0.165918 0.035547 0.034375
0 0.629639 0.214502 0.035449 0.037598
0 0.668018 0.142578 0.037988 0.031445
0 0.652197 0.168457 0.038965 0.032031
0 0.705859 0.299805 0.031445 0.037109
0 0.669678 0.268359 0.036230 0.029883
0 0.710840 0.201465 0.030469 0.028320
0 0.654590 0.197510 0.035742 0.030762
0 0.631250 0.123193 0.033789 0.036035