0 0.282373 0.680273 0.033105 0.035547
0 0.243945 0.560400 0.031836 0.030957
0 0.181250 0.696191 0.036719 0.030469
0 0.153809 0.742236 0.035547 0.026270
0 0.301025 0.552002 0.044238 0.035254
0 0.182910 0.625684 0.042578 0.043164
0 0.077295 0.585596 0.039355 0.031348
0 0.121289 0.705908 0.041406 0.031348
0 0.154102 0.547070 0.042773 0.033789
0 0.063965 0.544336 0.040234 0.032031
0 0.119531 0.519775 0.032812 0.026660
0 0.122900 0.558887 0.038770 0.026172
0 0.083887 0.506055 0.034570 0.030273
0 0.405713 0.220605 0.045410 0.040820