0 0.288037 0.835840 0.033496 0.035156
0 0.250635 0.717969 0.029395 0.030078
0 0.307324 0.709961 0.045117 0.034961
0 0.130273 0.681445 0.035547 0.030078
0 0.164551 0.706445 0.042187 0.031250
0 0.673340 0.198340 0.041016 0.039062
0 0.187549 0.850000 0.040723 0.032617
0 0.089160 0.741895 0.038672 0.030469
0 0.133105 0.857031 0.042188 0.029492
0 0.095068 0.666895 0.036035 0.030664
0 0.163867 0.889697 0.034766 0.026465
0 0.104785 0.771826 0.029297 0.029004
0 0.080225 0.702979 0.032910 0.029980
0 0.187549 0.881494 0.031738 0.026074
0 0.131689 0.714648 0.034863 0.025000
0 0.408838 0.394141 0.043457 0.039453
0 0.142920 0.816455 0.033887 0.027246
0 0.127734 0.759082 0.033789 0.031055
0 0.122217 0.733594 0.035645 0.028125
0 0.176758 0.764893 0.030664 0.027441