0 0.270752 0.426904 0.032715 0.036230
0 0.228369 0.296436 0.030957 0.034082
0 0.166016 0.444531 0.039453 0.031250
0 0.289990 0.290771 0.047168 0.036230
0 0.135937 0.284961 0.042383 0.032031
0 0.102783 0.459375 0.045410 0.030078
0 0.167725 0.368506 0.043652 0.043848
0 0.057178 0.328320 0.041699 0.032227
0 0.141309 0.495313 0.036133 0.027148
0 0.101074 0.256152 0.036133 0.029102
0 0.044922 0.281543 0.040430 0.032617
0 0.164404 0.481982 0.032715 0.024707
0 0.066504 0.244043 0.039062 0.034961
0 0.103955 0.293652 0.038379 0.029687
0 0.145117 0.313965 0.036719 0.030859
0 0.075049 0.360400 0.033887 0.034082
0 0.093066 0.318018 0.037500 0.029590