0 0.264453 0.275928 0.031641 0.035059
0 0.222607 0.140234 0.031348 0.035742
0 0.285156 0.134766 0.047266 0.036719
0 0.046973 0.175537 0.042188 0.034863
0 0.154639 0.332910 0.030957 0.024609
0 0.160352 0.215869 0.043164 0.044238
0 0.129053 0.346045 0.034863 0.027441
0 0.126123 0.131787 0.042676 0.034082
0 0.036963 0.128662 0.041699 0.031348
0 0.093994 0.141357 0.043652 0.029004
0 0.156836 0.294971 0.039258 0.035840
0 0.063281 0.208203 0.031250 0.035156
0 0.093457 0.305957 0.042188 0.034961
0 0.135107 0.159326 0.036035 0.036426
0 0.080029 0.277637 0.029785 0.039453
0 0.083398 0.164160 0.039844 0.029883