0 0.802588 0.132471 0.032129 0.038770
0 0.840576 0.270020 0.032910 0.037500
0 0.726611 0.290527 0.039746 0.030078
0 0.869482 0.125684 0.044629 0.034570
0 0.704443 0.121826 0.045801 0.036230
0 0.604150 0.114062 0.038184 0.034570
0 0.715820 0.334668 0.037695 0.024805
0 0.731885 0.208984 0.045605 0.049219
0 0.615723 0.166162 0.044141 0.034082
0 0.657227 0.304688 0.040625 0.030469
0 0.654443 0.152734 0.040918 0.030078
0 0.709863 0.153613 0.038477 0.031250
0 0.690527 0.345752 0.036133 0.028613
0 0.630029 0.198535 0.036035 0.036719
0 0.642969 0.274023 0.033789 0.044336
0 0.706787 0.283984 0.029004 0.034961
0 0.710889 0.185742 0.032324 0.029492
0 0.654346 0.182861 0.034473 0.031152
0 0.669531 0.128418 0.040820 0.028906
0 0.631641 0.111426 0.035156 0.035742