0 0.811230 0.869775 0.033789 0.035254
0 0.836719 0.744336 0.044531 0.034375
0 0.775830 0.751270 0.032715 0.033008
0 0.690771 0.876172 0.039160 0.027539
0 0.686230 0.741602 0.042773 0.033594
0 0.617676 0.698584 0.039453 0.036426
0 0.605957 0.778662 0.041016 0.031738
0 0.713477 0.817773 0.039062 0.040820
0 0.652539 0.712842 0.037109 0.030566
0 0.654395 0.747412 0.035352 0.027051
0 0.659082 0.852539 0.034570 0.027539
0 0.650244 0.892578 0.041309 0.028516
0 0.694629 0.770605 0.032422 0.030273
0 0.621436 0.807813 0.033301 0.031445
0 0.597803 0.736816 0.038770 0.032617
0 0.635107 0.868115 0.031738 0.036426
0 0.641895 0.795361 0.031445 0.026465
0 0.641748 0.767676 0.037402 0.029883
0 0.696387 0.796484 0.033789 0.030859