0 0.252246 0.782324 0.031445 0.031445
0 0.309473 0.775879 0.046094 0.035937
0 0.197363 0.846240 0.042187 0.040137
0 0.178662 0.893457 0.036816 0.024219
0 0.290088 0.889453 0.033301 0.023242
0 0.095361 0.806836 0.041113 0.031641
0 0.174268 0.796387 0.036816 0.032227
0 0.110938 0.834521 0.035547 0.034082
0 0.166846 0.771777 0.036816 0.032617
0 0.102490 0.732373 0.032324 0.030762
0 0.135010 0.745313 0.031348 0.028906
0 0.137646 0.777734 0.038379 0.024805
0 0.082910 0.767676 0.035156 0.030469
0 0.129150 0.820996 0.033691 0.032617