0 0.810986 0.874121 0.034473 0.034961
0 0.775977 0.751855 0.033203 0.034180
0 0.836035 0.745166 0.043164 0.034473
0 0.706934 0.890381 0.043750 0.028809
0 0.684668 0.744092 0.040039 0.032910
0 0.607129 0.780176 0.041602 0.031836
0 0.615771 0.701025 0.037793 0.033496
0 0.713672 0.820508 0.039648 0.042187
0 0.652930 0.714307 0.035937 0.029785
0 0.685693 0.741504 0.033496 0.029492
0 0.691553 0.877197 0.034473 0.030566
0 0.658887 0.854150 0.034180 0.027051
0 0.653857 0.749170 0.036426 0.028613
0 0.620361 0.810352 0.032910 0.031445
0 0.596973 0.738525 0.040234 0.033496
0 0.643018 0.770654 0.036035 0.029785
0 0.634717 0.871924 0.034473 0.038770
0 0.650342 0.892627 0.046973 0.024707
0 0.696875 0.797705 0.033398 0.031348