0 0.280664 0.636914 0.032422 0.035742
0 0.241260 0.513770 0.030762 0.030469
0 0.298535 0.508398 0.042969 0.034375
0 0.073096 0.543115 0.042285 0.032324
0 0.157275 0.643213 0.030566 0.029590
0 0.179004 0.581348 0.046484 0.045508
0 0.116846 0.477441 0.034082 0.026758
0 0.150342 0.503564 0.038379 0.030371
0 0.063281 0.498682 0.040234 0.032520
0 0.079980 0.463037 0.040039 0.035449
0 0.176416 0.653613 0.035254 0.035547
0 0.152588 0.699658 0.032715 0.027246
0 0.091309 0.574414 0.032812 0.031641
0 0.119043 0.663525 0.040234 0.032324
0 0.119385 0.511230 0.033691 0.026563
0 0.176270 0.686572 0.031641 0.023340
0 0.128955 0.616650 0.034082 0.027051
0 0.108008 0.532520 0.038281 0.029883
0 0.158203 0.531055 0.037305 0.032617
0 0.109326 0.633984 0.026855 0.039648