0 0.841602 0.269189 0.032617 0.037012
0 0.869531 0.123633 0.045117 0.034375
0 0.603809 0.112598 0.039453 0.034766
0 0.723291 0.293018 0.040723 0.031738
0 0.732422 0.204443 0.044727 0.050098
0 0.616162 0.164062 0.044824 0.035547
0 0.691406 0.343652 0.039648 0.027734
0 0.656934 0.303467 0.043164 0.029980
0 0.720898 0.330518 0.037891 0.025293
0 0.804346 0.129395 0.032324 0.042578
0 0.703027 0.117139 0.041406 0.036816
0 0.711719 0.149658 0.033398 0.031738
0 0.630127 0.195312 0.037988 0.038281
0 0.654492 0.150635 0.037695 0.033691
0 0.668506 0.125879 0.038574 0.031445
0 0.643311 0.271289 0.030762 0.042773
0 0.703711 0.275244 0.031641 0.027246
0 0.670410 0.251172 0.036523 0.029883
0 0.712207 0.183203 0.032813 0.029492
0 0.654980 0.182324 0.034961 0.031250