0 0.287451 0.820361 0.032324 0.034082
0 0.250244 0.704248 0.029004 0.029395
0 0.165625 0.877686 0.036914 0.025098
0 0.186279 0.834277 0.042285 0.033008
0 0.306836 0.697314 0.044531 0.034668
0 0.088525 0.729688 0.041113 0.032617
0 0.132666 0.845215 0.039746 0.029102
0 0.162744 0.691064 0.038379 0.029590
0 0.094336 0.652441 0.034766 0.030664
0 0.670703 0.182227 0.047656 0.041797
0 0.077930 0.689600 0.036719 0.030957
0 0.140283 0.697656 0.034277 0.027344
0 0.127979 0.666162 0.028223 0.026855
0 0.104932 0.759814 0.030371 0.028223
0 0.141211 0.801904 0.032422 0.026855
0 0.170264 0.719238 0.034277 0.034180
0 0.125586 0.747217 0.030664 0.028418
0 0.408496 0.380908 0.041211 0.037988
0 0.244092 0.224365 0.040723 0.047559
0 0.188477 0.865576 0.033008 0.021777
0 0.122168 0.720898 0.035352 0.028320