0 0.252100 0.780322 0.030957 0.031152
0 0.309082 0.773242 0.045312 0.034961
0 0.167920 0.770166 0.043262 0.031738
0 0.196533 0.843506 0.042480 0.040527
0 0.290039 0.887598 0.032422 0.024219
0 0.094482 0.804297 0.041699 0.033984
0 0.135449 0.743311 0.034375 0.026855
0 0.084180 0.766504 0.043164 0.032813
0 0.100146 0.731299 0.033105 0.033887
0 0.179150 0.892529 0.041113 0.025879
0 0.145068 0.875879 0.036230 0.029492
0 0.136816 0.776807 0.037500 0.025684
0 0.175342 0.795459 0.035059 0.032910
0 0.128711 0.820703 0.035937 0.032031