0 0.276172 0.554932 0.032031 0.036035
0 0.237012 0.430029 0.030469 0.032520
0 0.172900 0.574023 0.037793 0.030078
0 0.295459 0.423828 0.044824 0.034961
0 0.145557 0.418506 0.041699 0.031348
0 0.114990 0.582373 0.033887 0.025684
0 0.113330 0.426367 0.038965 0.029883
0 0.174170 0.497461 0.040527 0.042969
0 0.066748 0.458496 0.043262 0.033984
0 0.055566 0.415723 0.037500 0.029883
0 0.171729 0.606738 0.033105 0.025391
0 0.110693 0.390186 0.035254 0.029590
0 0.074316 0.376025 0.037695 0.032715
0 0.083398 0.489990 0.032813 0.032324
0 0.151172 0.447803 0.037305 0.035645
0 0.121875 0.534375 0.035352 0.028516
0 0.100098 0.552734 0.024805 0.038477
0 0.101074 0.448828 0.038086 0.030078
0 0.106152 0.474121 0.032227 0.030078
0 0.154443 0.560986 0.028809 0.029980
0 0.158740 0.477344 0.030566 0.029883