0 0.812207 0.846631 0.031055 0.034473
0 0.776416 0.721582 0.032324 0.035547
0 0.707568 0.863525 0.040918 0.031152
0 0.837793 0.716309 0.045312 0.034961
0 0.686523 0.713037 0.041602 0.032715
0 0.617432 0.671533 0.037012 0.034668
0 0.606445 0.751318 0.039844 0.031738
0 0.702930 0.892285 0.035156 0.022070
0 0.649316 0.870752 0.038672 0.028223
0 0.714893 0.790723 0.037988 0.039844
0 0.651270 0.684814 0.036719 0.029395
0 0.656787 0.720361 0.038379 0.026855
0 0.598047 0.709082 0.039844 0.030859
0 0.963379 0.389062 0.055273 0.047656
0 0.620654 0.780518 0.035840 0.033496
0 0.694775 0.740723 0.032715 0.032617
0 0.688965 0.849805 0.031250 0.031445
0 0.695605 0.769873 0.033594 0.028223
0 0.678418 0.841748 0.022070 0.023730
0 0.641016 0.838818 0.028320 0.043652
0 0.657617 0.830322 0.033789 0.026074