0 0.842529 0.252637 0.032520 0.036719
0 0.726221 0.277344 0.039160 0.030859
0 0.732324 0.189697 0.040625 0.045410
0 0.803857 0.114600 0.030566 0.032324
0 0.870947 0.106006 0.043262 0.031934
0 0.653369 0.106396 0.047363 0.031152
0 0.708984 0.133252 0.037891 0.030371
0 0.657617 0.286328 0.043945 0.031836
0 0.615332 0.145313 0.044922 0.035352
0 0.653076 0.133105 0.040332 0.031836
0 0.720898 0.313818 0.036914 0.026660
0 0.630615 0.179590 0.037012 0.036133
0 0.646143 0.253369 0.029590 0.040723
0 0.711719 0.166504 0.030078 0.026172
0 0.673828 0.232910 0.035937 0.026172
0 0.656885 0.162891 0.036426 0.034766