0 0.282422 0.721680 0.032227 0.034961
0 0.245703 0.599463 0.030273 0.029980
0 0.156689 0.780957 0.035449 0.026758
0 0.301953 0.594141 0.043750 0.034570
0 0.080713 0.628223 0.039941 0.031250
0 0.181445 0.737158 0.035156 0.029199
0 0.185010 0.665918 0.045020 0.044922
0 0.123486 0.563037 0.035449 0.029004
0 0.124512 0.746729 0.041602 0.030176
0 0.180664 0.768848 0.032031 0.024805
0 0.068457 0.584766 0.040039 0.032031
0 0.156787 0.587939 0.038965 0.035254
0 0.086035 0.548145 0.034180 0.034180
0 0.129248 0.594531 0.033887 0.029687
0 0.096875 0.658545 0.029492 0.030176
0 0.161670 0.618164 0.035449 0.033398
0 0.405957 0.266211 0.043750 0.040234
0 0.133105 0.700586 0.033594 0.027148
0 0.120117 0.713037 0.026953 0.041699
0 0.117969 0.611084 0.034766 0.025488
0 0.241162 0.111230 0.041113 0.051367