0 0.266504 0.315625 0.031445 0.035938
0 0.131934 0.384668 0.037305 0.028125
0 0.224365 0.182324 0.030566 0.034570
0 0.285840 0.174756 0.048242 0.037402
0 0.125781 0.172266 0.043555 0.033008
0 0.047754 0.213477 0.046094 0.035156
0 0.158154 0.337549 0.038184 0.030176
0 0.095068 0.345313 0.040137 0.030859
0 0.160986 0.255957 0.042480 0.045313
0 0.096729 0.179980 0.040527 0.028516
0 0.039355 0.167871 0.041406 0.033594
0 0.081299 0.316406 0.026855 0.031250
0 0.155566 0.371191 0.032617 0.026172
0 0.095557 0.140674 0.035059 0.029199
0 0.066699 0.247119 0.031836 0.032910
0 0.136475 0.201025 0.035449 0.035449
0 0.139893 0.325635 0.032520 0.037012
0 0.086377 0.230127 0.033887 0.031152
0 0.088135 0.200342 0.036816 0.029590
0 0.058594 0.127979 0.036719 0.034082