0 0.818115 0.729785 0.030176 0.035547
0 0.843848 0.596240 0.043164 0.034082
0 0.783154 0.602246 0.033301 0.036133
0 0.709375 0.748877 0.038086 0.031152
0 0.686865 0.594629 0.040137 0.032617
0 0.608154 0.632715 0.037402 0.030859
0 0.716406 0.673535 0.039453 0.041797
0 0.621338 0.663184 0.034863 0.033008
0 0.655176 0.564990 0.036133 0.030176
0 0.650098 0.757422 0.041016 0.029883
0 0.617090 0.550000 0.037109 0.033203
0 0.680420 0.793213 0.036230 0.027637
0 0.656982 0.602051 0.037988 0.028711
0 0.598926 0.589258 0.038867 0.032031
0 0.706445 0.781006 0.033398 0.024707
0 0.696924 0.622705 0.031348 0.030176
0 0.660498 0.709082 0.034082 0.027148
0 0.968359 0.256055 0.048242 0.043555
0 0.648096 0.616943 0.032324 0.029004
0 0.637891 0.724512 0.022266 0.038672
0 0.644482 0.648291 0.031543 0.029590
0 0.689160 0.732666 0.029687 0.024316
0 0.698193 0.650830 0.029395 0.027832