0 0.789062 0.416943 0.033008 0.035840
0 0.825098 0.548193 0.031055 0.036035
0 0.852881 0.408398 0.043457 0.034570
0 0.694531 0.607471 0.039062 0.026270
0 0.714893 0.568945 0.038184 0.028906
0 0.692529 0.407129 0.041504 0.034375
0 0.609814 0.448779 0.040332 0.032129
0 0.651416 0.577441 0.040918 0.030273
0 0.620654 0.361035 0.038184 0.036523
0 0.721875 0.489990 0.038281 0.041504
0 0.646191 0.436670 0.036914 0.030371
0 0.658545 0.413721 0.037988 0.029395
0 0.697705 0.437793 0.034082 0.031055
0 0.623096 0.480127 0.032129 0.034668
0 0.601367 0.401416 0.035547 0.033691
0 0.638428 0.547656 0.023730 0.035156
0 0.691748 0.549023 0.030762 0.026758
0 0.704639 0.468408 0.030957 0.029590