0 0.287988 0.855273 0.033789 0.034180
0 0.250684 0.739160 0.033789 0.030859
0 0.188281 0.869531 0.042188 0.031445
0 0.306982 0.733203 0.045020 0.034570
0 0.090039 0.761182 0.040430 0.035254
0 0.672461 0.222852 0.043359 0.039258
0 0.192139 0.803027 0.047754 0.043945
0 0.163477 0.728564 0.038086 0.028809
0 0.129883 0.703076 0.033203 0.026465
0 0.097119 0.689746 0.034668 0.034766
0 0.134717 0.876709 0.042871 0.030957
0 0.106494 0.796094 0.031738 0.029102
0 0.132861 0.735693 0.034277 0.024902
0 0.142822 0.835889 0.032520 0.027246
0 0.187207 0.900537 0.037891 0.024512
0 0.170459 0.755908 0.033301 0.032715
0 0.409180 0.418506 0.042188 0.039355
0 0.123389 0.784521 0.033496 0.031934
0 0.124365 0.756738 0.035645 0.028516