0 0.834326 0.775830 0.043457 0.033496
0 0.774854 0.783057 0.030371 0.032324
0 0.683496 0.773584 0.037695 0.033691
0 0.809668 0.892725 0.033984 0.026074
0 0.956152 0.455518 0.054102 0.045215
0 0.714209 0.848975 0.037793 0.041113
0 0.607764 0.809521 0.042285 0.032910
0 0.656396 0.780615 0.037402 0.025293
0 0.659326 0.882715 0.035254 0.027734
0 0.615967 0.730908 0.035449 0.034277
0 0.652930 0.745020 0.032227 0.027539
0 0.596973 0.767725 0.036914 0.029980
0 0.695068 0.799268 0.031543 0.031152
0 0.619629 0.841309 0.031641 0.030469
0 0.642822 0.800537 0.037207 0.029590