0 0.800391 0.173633 0.033984 0.039648
0 0.837549 0.314551 0.033691 0.037891
0 0.722510 0.337158 0.040527 0.030566
0 0.865869 0.167773 0.045801 0.035547
0 0.701074 0.164355 0.044531 0.036133
0 0.653857 0.164258 0.038965 0.035352
0 0.730078 0.252344 0.044336 0.047266
0 0.656494 0.347217 0.040918 0.028223
0 0.688086 0.388086 0.038672 0.027148
0 0.720264 0.375830 0.038965 0.026270
0 0.614502 0.208789 0.041699 0.036914
0 0.628564 0.243506 0.035254 0.037207
0 0.709814 0.196387 0.035254 0.032617
0 0.667090 0.131689 0.036914 0.030957
0 0.651123 0.196045 0.037012 0.030176
0 0.668750 0.296338 0.035547 0.028027
0 0.711035 0.228711 0.033594 0.033984
0 0.625488 0.117139 0.035352 0.034863
0 0.706055 0.328613 0.033203 0.038086
0 0.605176 0.157666 0.036914 0.035645
0 0.643750 0.315918 0.028906 0.039648
0 0.654980 0.228174 0.034180 0.031543