0 0.843799 0.232520 0.032910 0.036914
0 0.725342 0.255029 0.040137 0.031543
0 0.693213 0.305566 0.038574 0.027930
0 0.616064 0.126221 0.042676 0.034277
0 0.658545 0.266699 0.042090 0.031641
0 0.712793 0.112891 0.040430 0.030273
0 0.723389 0.295312 0.038184 0.026367
0 0.633154 0.159912 0.044043 0.035449
0 0.731787 0.169971 0.039551 0.046582
0 0.656445 0.113672 0.035742 0.033398
0 0.644385 0.233350 0.032129 0.045020
0 0.702686 0.240576 0.031348 0.028809
0 0.672217 0.213184 0.037012 0.031445
0 0.712402 0.146875 0.028906 0.028516
0 0.655859 0.144922 0.034766 0.031836
0 0.803564 0.102881 0.033301 0.021777