0 0.532812 0.500146 0.075586 0.068848
0 0.906641 0.148730 0.062305 0.062891
0 0.813086 0.544141 0.063281 0.060547
0 0.923926 0.391211 0.073828 0.064062
0 0.951221 0.453223 0.071973 0.065430
0 0.969873 0.263184 0.054980 0.063086
0 0.506543 0.695996 0.056250 0.054883
0 0.816650 0.360449 0.075684 0.070117
0 0.629395 0.725586 0.057031 0.063477
0 0.863135 0.360791 0.059082 0.060449
0 0.866943 0.409961 0.069434 0.063867
0 0.826904 0.490039 0.069238 0.057812
0 0.648633 0.583008 0.061133 0.054297
0 0.916113 0.590039 0.067187 0.071875
0 0.881641 0.476318 0.057422 0.051270
0 0.683936 0.606104 0.071191 0.057715
0 0.813965 0.602930 0.058008 0.061328
0 0.781201 0.604004 0.064746 0.053906
0 0.306543 0.886768 0.058984 0.048926