0 0.927832 0.325781 0.071289 0.062109
0 0.821729 0.291992 0.079590 0.073438
0 0.816748 0.480664 0.064355 0.062305
0 0.533252 0.436426 0.076270 0.069336
0 0.505615 0.635156 0.056348 0.054297
0 0.955566 0.388232 0.074609 0.067676
0 0.867334 0.294873 0.059277 0.061816
0 0.834082 0.424561 0.073047 0.059473
0 0.972510 0.194580 0.049902 0.063770
0 0.872510 0.344678 0.073145 0.068066
0 0.921484 0.524951 0.066016 0.072949
0 0.650195 0.521143 0.061133 0.054395
0 0.884912 0.412500 0.057910 0.051172
0 0.827734 0.542920 0.060547 0.066309
0 0.686182 0.542578 0.071777 0.059570
0 0.783594 0.542725 0.064453 0.054004
0 0.300488 0.834717 0.067383 0.064160