0 0.369873 0.449219 0.040527 0.042188
0 0.162500 0.644922 0.051563 0.043945
0 0.226758 0.746680 0.040234 0.037305
0 0.411475 0.519189 0.037988 0.034277
0 0.149951 0.548730 0.044238 0.046484
0 0.384229 0.684766 0.046191 0.043359
0 0.145068 0.754297 0.036035 0.035742
0 0.405225 0.626758 0.042090 0.035547
0 0.230664 0.689795 0.039844 0.035645
0 0.324219 0.669629 0.034766 0.035547
0 0.382178 0.585840 0.036230 0.032422
0 0.315234 0.569238 0.046484 0.045508
0 0.331152 0.638428 0.041211 0.035449
0 0.347217 0.570020 0.035840 0.036719
0 0.175977 0.784277 0.042773 0.038281
0 0.365430 0.633594 0.035156 0.031055
0 0.351025 0.597510 0.039551 0.032129
0 0.361523 0.660693 0.035352 0.031543