0 0.153906 0.444824 0.052148 0.043945
0 0.412305 0.310693 0.040039 0.035645
0 0.143164 0.561719 0.038086 0.035352
0 0.226904 0.488672 0.042676 0.035352
0 0.142432 0.341504 0.045996 0.042383
0 0.223389 0.549121 0.040332 0.041992
0 0.368604 0.237012 0.041504 0.047070
0 0.381152 0.383252 0.039062 0.035840
0 0.380029 0.487451 0.038574 0.040137
0 0.166553 0.592383 0.042090 0.037500
0 0.329297 0.438867 0.038281 0.033984
0 0.405322 0.422900 0.044434 0.036621
0 0.323926 0.471094 0.042187 0.041992
0 0.313477 0.361621 0.052930 0.046094
0 0.363965 0.431934 0.036328 0.032813
0 0.349854 0.394922 0.039551 0.033984
0 0.350342 0.362744 0.041113 0.044434
0 0.360938 0.460840 0.034570 0.029883