0 0.691992 0.328174 0.056250 0.049316
0 0.974365 0.185889 0.047168 0.039551
0 0.672119 0.453516 0.038770 0.037109
0 0.939844 0.261133 0.048242 0.040820
0 0.932813 0.111279 0.045312 0.043457
0 0.689551 0.201221 0.040234 0.049512
0 0.694287 0.487744 0.040137 0.034863
0 0.879102 0.322314 0.046094 0.037402
0 0.766553 0.512305 0.042285 0.042773
0 0.869824 0.244385 0.060547 0.047363
0 0.869287 0.356689 0.044629 0.044824
0 0.911133 0.346777 0.042383 0.041797
0 0.916211 0.313721 0.041016 0.034473
0 0.903564 0.241992 0.045410 0.046484
0 0.903564 0.272900 0.047559 0.043066