0 0.901807 0.467383 0.044238 0.045703
0 0.676367 0.670898 0.053906 0.047656
0 0.941113 0.540771 0.042578 0.037012
0 0.909277 0.609180 0.044922 0.038477
0 0.655859 0.787744 0.038672 0.036426
0 0.840430 0.600830 0.051562 0.047363
0 0.676660 0.818311 0.040820 0.033496
0 0.845068 0.697314 0.037793 0.039746
0 0.873193 0.623193 0.037988 0.036230
0 0.853076 0.665283 0.043848 0.032910
0 0.757129 0.837012 0.047070 0.040820
0 0.889258 0.660059 0.040039 0.033203
0 0.884326 0.688574 0.042480 0.038477
0 0.670850 0.560156 0.040723 0.050586
0 0.881299 0.596680 0.042480 0.042383