0 0.896924 0.510303 0.043457 0.045215
0 0.674072 0.710938 0.054004 0.046875
0 0.938623 0.579248 0.043262 0.038574
0 0.837695 0.637646 0.055469 0.044629
0 0.907324 0.647998 0.046094 0.039746
0 0.652637 0.825879 0.040234 0.036523
0 0.677783 0.855566 0.038965 0.032227
0 0.840527 0.737744 0.039648 0.037793
0 0.848437 0.704980 0.041016 0.032813
0 0.870361 0.664551 0.036035 0.033398
0 0.885303 0.699023 0.037793 0.032031
0 0.873828 0.634424 0.040430 0.039551
0 0.882178 0.728564 0.047168 0.042480
0 0.668408 0.604199 0.040918 0.048828