0 0.146143 0.241260 0.052832 0.045215
0 0.132812 0.132031 0.046484 0.041992
0 0.158447 0.399707 0.043066 0.039062
0 0.222656 0.292139 0.039062 0.037402
0 0.403906 0.212891 0.042187 0.038477
0 0.214453 0.351953 0.041992 0.038281
0 0.131348 0.363379 0.036133 0.036328
0 0.379736 0.176563 0.038379 0.035156
0 0.322949 0.270947 0.036133 0.038184
0 0.377246 0.289111 0.039453 0.042871
0 0.347998 0.189307 0.039746 0.037207
0 0.326367 0.234326 0.037109 0.031934
0 0.309229 0.152783 0.051855 0.045410
0 0.348828 0.155957 0.041211 0.042578
0 0.361816 0.230811 0.039453 0.034082
0 0.359277 0.260547 0.034961 0.031445