0 0.170850 0.786133 0.050488 0.044531
0 0.231592 0.883545 0.047559 0.036035
0 0.411865 0.664014 0.037598 0.034082
0 0.239111 0.830469 0.044824 0.036523
0 0.159326 0.695410 0.048340 0.045117
0 0.370996 0.599316 0.037305 0.042578
0 0.386230 0.826660 0.037305 0.043359
0 0.316504 0.715771 0.045313 0.043457
0 0.381641 0.729248 0.036133 0.032324
0 0.406055 0.770020 0.045703 0.040234
0 0.326660 0.808789 0.039453 0.039062
0 0.334668 0.779736 0.045508 0.036035
0 0.354883 0.712158 0.034180 0.035059
0 0.351904 0.740723 0.041504 0.034570
0 0.366406 0.772705 0.036133 0.029199