0 0.368945 0.313379 0.040234 0.042187
0 0.155371 0.515625 0.050781 0.043164
0 0.411133 0.385205 0.038672 0.033887
0 0.224023 0.620703 0.039453 0.036523
0 0.145068 0.630957 0.036035 0.035547
0 0.144824 0.415137 0.045313 0.042187
0 0.323096 0.541064 0.034277 0.039355
0 0.170703 0.659717 0.043945 0.036816
0 0.227490 0.561133 0.038965 0.035547
0 0.382373 0.454541 0.038574 0.034277
0 0.331348 0.511621 0.040234 0.030469
0 0.313232 0.435840 0.050098 0.045703
0 0.350049 0.436377 0.038770 0.042480
0 0.350000 0.465723 0.039453 0.031250
0 0.362891 0.503809 0.036523 0.030273