0 0.148779 0.313623 0.053613 0.044824
0 0.412598 0.175439 0.043750 0.037012
0 0.218018 0.421240 0.039551 0.035840
0 0.135645 0.206494 0.045312 0.041309
0 0.132812 0.433740 0.038672 0.041699
0 0.378662 0.249902 0.038574 0.034766
0 0.224365 0.361963 0.036621 0.034473
0 0.400732 0.288623 0.042480 0.036230
0 0.327344 0.308203 0.037305 0.032617
0 0.322363 0.341309 0.035547 0.039258
0 0.163428 0.467871 0.043457 0.039258
0 0.380420 0.356445 0.042480 0.040820
0 0.311621 0.227344 0.052734 0.046875
0 0.349463 0.259717 0.044434 0.037402
0 0.349512 0.230615 0.038672 0.041504
0 0.362646 0.300781 0.039160 0.031836
0 0.360840 0.331396 0.035937 0.032520