0 0.348828 0.329932 0.046484 0.040723
0 0.372510 0.250586 0.045605 0.040820
0 0.281250 0.222754 0.040820 0.046094
0 0.292432 0.287158 0.045801 0.039746
0 0.277734 0.137842 0.055664 0.044824
0 0.271582 0.176758 0.046875 0.037109
0 0.263477 0.339063 0.046289 0.042187
0 0.112451 0.522314 0.045215 0.038770
0 0.187793 0.638623 0.039258 0.039160
0 0.444971 0.228760 0.044238 0.045410
0 0.217822 0.413867 0.039355 0.037500
0 0.613330 0.366650 0.039551 0.038965
0 0.185693 0.708984 0.039941 0.036133
0 0.102441 0.636279 0.032031 0.024316