0 0.282666 0.379004 0.057520 0.046875
0 0.287744 0.457373 0.042090 0.045996
0 0.275342 0.413135 0.045215 0.036230
0 0.300879 0.231787 0.047070 0.045801
0 0.351904 0.553955 0.043652 0.039941
0 0.295459 0.515283 0.045410 0.038379
0 0.288135 0.334912 0.044824 0.045020
0 0.197412 0.843994 0.039941 0.037988
0 0.124170 0.735352 0.046387 0.039258
0 0.374561 0.480127 0.041699 0.038770
0 0.444531 0.462549 0.045703 0.050098
0 0.268799 0.563916 0.043652 0.040332
0 0.225244 0.633887 0.038965 0.038281
0 0.310156 0.251904 0.050195 0.037012