0 0.867822 0.238916 0.054004 0.052051
0 0.905664 0.381738 0.049609 0.044141
0 0.790479 0.472363 0.046582 0.044727
0 0.851562 0.315674 0.043750 0.047168
0 0.629932 0.657324 0.046973 0.039844
0 0.853564 0.120361 0.054590 0.048926
0 0.703662 0.776074 0.038184 0.036914
0 0.620117 0.768945 0.038867 0.035742
0 0.805713 0.311035 0.048145 0.044141
0 0.646484 0.855469 0.041406 0.039844
0 0.876855 0.463281 0.046484 0.045703
0 0.822803 0.408057 0.050098 0.049707
0 0.823535 0.228516 0.049219 0.051172
0 0.743750 0.547314 0.036914 0.036230
0 0.982471 0.365186 0.032910 0.047949
0 0.812500 0.194287 0.046680 0.047168