0 0.908789 0.336182 0.048828 0.042871
0 0.870410 0.190283 0.055469 0.052637
0 0.853955 0.265234 0.045410 0.051563
0 0.881982 0.418262 0.050293 0.044141
0 0.827100 0.357959 0.045996 0.052246
0 0.792139 0.428223 0.047754 0.045703
0 0.629834 0.614551 0.044629 0.038672
0 0.830518 0.171436 0.050488 0.052051
0 0.808887 0.263574 0.048828 0.045117
0 0.743262 0.504541 0.041406 0.039941
0 0.645850 0.813379 0.039746 0.034961
0 0.701758 0.733301 0.038477 0.034570
0 0.981836 0.317676 0.032617 0.049805
0 0.818604 0.139990 0.045020 0.049902
0 0.613281 0.728906 0.031641 0.023828