0 0.281641 0.314355 0.057422 0.046484
0 0.287939 0.394727 0.041309 0.045898
0 0.351367 0.494189 0.044531 0.041699
0 0.295557 0.455566 0.044824 0.038477
0 0.274414 0.350830 0.046875 0.037207
0 0.300391 0.164795 0.052148 0.051465
0 0.267578 0.504932 0.043164 0.041699
0 0.285693 0.269189 0.045410 0.044434
0 0.374512 0.419238 0.043555 0.040234
0 0.120898 0.679248 0.044727 0.037988
0 0.195312 0.789404 0.036914 0.036035
0 0.445703 0.401904 0.045703 0.045996
0 0.223438 0.576172 0.039062 0.037891
0 0.109521 0.785107 0.034473 0.025293
0 0.313135 0.185596 0.050488 0.037012