0 0.282422 0.350684 0.056836 0.044922
0 0.288330 0.431201 0.040527 0.045020
0 0.301025 0.204102 0.049512 0.047266
0 0.277197 0.386426 0.050488 0.038086
0 0.351367 0.529443 0.044336 0.039746
0 0.295508 0.488770 0.043945 0.037695
0 0.285937 0.308936 0.048047 0.047559
0 0.444531 0.436377 0.045703 0.048535
0 0.122021 0.710205 0.045215 0.037793
0 0.268799 0.538184 0.043457 0.041016
0 0.224023 0.609033 0.038477 0.037598
0 0.195850 0.820947 0.038574 0.037207
0 0.374463 0.453613 0.043652 0.038477
0 0.312256 0.222949 0.050879 0.037695