0 0.852588 0.152100 0.057129 0.052441
0 0.865088 0.272656 0.054590 0.052734
0 0.903027 0.416162 0.047656 0.043066
0 0.846826 0.348633 0.048926 0.051953
0 0.788916 0.505420 0.045410 0.044434
0 0.876855 0.496436 0.052734 0.046777
0 0.627930 0.688916 0.044727 0.040137
0 0.822021 0.439111 0.047168 0.051465
0 0.805811 0.345996 0.047754 0.044531
0 0.697559 0.807422 0.038477 0.032813
0 0.810596 0.237793 0.042480 0.046094
0 0.987354 0.142871 0.022949 0.054883
0 0.742188 0.579492 0.038086 0.037500
0 0.640186 0.880713 0.046777 0.045410
0 0.611914 0.802637 0.033203 0.025195
0 0.815674 0.277051 0.045801 0.049414
0 0.862500 0.176416 0.050977 0.036426
0 0.979541 0.400146 0.037207 0.048340