0 0.908154 0.349121 0.047949 0.043359
0 0.853223 0.279785 0.044922 0.050195
0 0.629639 0.626904 0.044238 0.038965
0 0.830078 0.187793 0.053125 0.056836
0 0.703662 0.745166 0.040332 0.038574
0 0.807568 0.277344 0.046387 0.043750
0 0.645898 0.824609 0.039844 0.035547
0 0.869336 0.107080 0.051367 0.032520
0 0.791455 0.439941 0.044238 0.045703
0 0.880811 0.431104 0.049902 0.046973
0 0.868652 0.205859 0.052344 0.050195
0 0.825977 0.374951 0.046094 0.051074
0 0.744580 0.516016 0.036230 0.036133
0 0.818359 0.154688 0.045898 0.055469
0 0.612598 0.741113 0.030469 0.024219