0 0.907910 0.354688 0.049023 0.044141
0 0.852979 0.284766 0.045801 0.049805
0 0.792627 0.445312 0.048340 0.046680
0 0.630078 0.630713 0.045117 0.038184
0 0.879785 0.435303 0.050391 0.045605
0 0.703613 0.750000 0.040234 0.038477
0 0.827930 0.375781 0.046094 0.051953
0 0.807666 0.281201 0.048145 0.045801
0 0.742285 0.521631 0.041406 0.039551
0 0.645068 0.828467 0.041113 0.035645
0 0.867676 0.112207 0.052148 0.033984
0 0.869629 0.208447 0.055664 0.052832
0 0.816016 0.160742 0.045117 0.048437
0 0.827393 0.196143 0.045605 0.051855
0 0.981982 0.336377 0.033887 0.049707
0 0.613428 0.742285 0.031348 0.024805