0 0.850635 0.176758 0.057129 0.053125
0 0.863184 0.295166 0.051758 0.049316
0 0.845898 0.372314 0.047461 0.050293
0 0.787793 0.527002 0.047461 0.046973
0 0.628857 0.710596 0.045215 0.039746
0 0.804346 0.367822 0.049707 0.047363
0 0.874268 0.518408 0.047754 0.046387
0 0.901074 0.436572 0.043555 0.045215
0 0.821289 0.465186 0.044141 0.048340
0 0.695459 0.828809 0.043066 0.041211
0 0.742578 0.600732 0.038672 0.034668
0 0.813770 0.302051 0.046484 0.048828
0 0.806982 0.266064 0.045996 0.045020
0 0.980469 0.420703 0.036523 0.046484