0 0.628418 0.892578 0.032227 0.027344
0 0.595215 0.874023 0.024414 0.033203
0 0.638672 0.876465 0.039062 0.020508
0 0.504883 0.894531 0.039062 0.033203
0 0.567383 0.863770 0.031250 0.026367
0 0.698242 0.848145 0.037109 0.028320
0 0.599609 0.854492 0.029297 0.027344
0 0.673828 0.838867 0.025391 0.021484
0 0.660156 0.851074 0.041016 0.020508
0 0.482422 0.821777 0.037109 0.034180
0 0.586914 0.831055 0.027344 0.029297
0 0.633301 0.821289 0.038086 0.029297
0 0.716309 0.822754 0.036133 0.032227
0 0.971191 0.861816 0.030273 0.040039
0 0.666504 0.803711 0.022461 0.035156
0 0.711914 0.787598 0.042969 0.028320
0 0.624023 0.780762 0.029297 0.030273
0 0.596191 0.788574 0.022461 0.030273
0 0.574707 0.786133 0.022461 0.033203
0 0.757812 0.781250 0.035156 0.029297
0 0.685547 0.771973 0.029297 0.032227
0 0.750488 0.755859 0.030273 0.029297
0 0.722168 0.764160 0.024414 0.040039
0 0.645020 0.762695 0.028320 0.029297
0 0.596191 0.762207 0.020508 0.030273
0 0.566895 0.760742 0.032227 0.031250
0 0.622070 0.738281 0.023438 0.029297
0 0.663086 0.736328 0.025391 0.033203
0 0.517090 0.885254 0.034180 0.028320
0 0.695801 0.724609 0.030273 0.029297
0 0.860840 0.831543 0.030273 0.040039
0 0.693848 0.880371 0.016602 0.032227
0 0.471191 0.596680 0.032227 0.037109
0 0.383789 0.576172 0.035156 0.041016
0 0.936523 0.873047 0.029297 0.050781
0 0.442871 0.678223 0.040039 0.045898
0 0.538574 0.440918 0.040039 0.030273
0 0.442871 0.411133 0.038086 0.033203
0 0.415527 0.393066 0.032227 0.028320
0 0.366211 0.375488 0.035156 0.041992