0 0.703125 0.896973 0.037109 0.028320
0 0.605469 0.893555 0.029297 0.027344
0 0.678711 0.887695 0.025391 0.021484
0 0.485352 0.867676 0.037109 0.034180
0 0.590820 0.875000 0.027344 0.029297
0 0.638184 0.866211 0.038086 0.029297
0 0.721191 0.871582 0.036133 0.032227
0 0.968262 0.908691 0.030273 0.040039
0 0.670410 0.850586 0.022461 0.035156
0 0.712891 0.832520 0.042969 0.028320
0 0.625977 0.825684 0.029297 0.030273
0 0.599121 0.833496 0.022461 0.030273
0 0.574707 0.831055 0.022461 0.033203
0 0.758789 0.829102 0.035156 0.029297
0 0.690430 0.816895 0.029297 0.032227
0 0.751465 0.798828 0.030273 0.029297
0 0.724121 0.812988 0.024414 0.040039
0 0.647949 0.808594 0.028320 0.029297
0 0.601074 0.806152 0.020508 0.030273
0 0.571777 0.805664 0.032227 0.031250
0 0.626953 0.783203 0.023438 0.029297
0 0.666016 0.781250 0.025391 0.033203
0 0.698730 0.769531 0.030273 0.029297
0 0.861816 0.877441 0.030273 0.040039
0 0.474121 0.643555 0.032227 0.037109
0 0.386719 0.622070 0.035156 0.041016
0 0.447754 0.724121 0.040039 0.045898
0 0.543457 0.489746 0.040039 0.030273
0 0.447754 0.459961 0.038086 0.033203
0 0.420410 0.441895 0.032227 0.028320
0 0.371094 0.424316 0.035156 0.041992