0 0.864746 0.443359 0.024414 0.029297
0 0.830078 0.435059 0.029297 0.026367
0 0.718262 0.440918 0.030273 0.028320
0 0.740234 0.326172 0.037109 0.037109
0 0.653320 0.255371 0.031250 0.030273
0 0.577148 0.189453 0.027344 0.050781
0 0.626465 0.187012 0.034180 0.032227
0 0.660156 0.177734 0.031250 0.027344
0 0.672852 0.199707 0.044922 0.022461
0 0.705566 0.176758 0.026367 0.037109
0 0.733398 0.187988 0.041016 0.030273
0 0.525391 0.140625 0.031250 0.044922
0 0.465332 0.159180 0.028320 0.042969
0 0.408691 0.153320 0.036133 0.039062
0 0.546387 0.110352 0.022461 0.029297
0 0.628418 0.155762 0.036133 0.032227
0 0.703613 0.360840 0.032227 0.028320
0 0.895020 0.442383 0.028320 0.031250
0 0.573242 0.315918 0.037109 0.041992
0 0.525391 0.226074 0.039062 0.038086
0 0.880371 0.091309 0.040039 0.034180
0 0.716797 0.098145 0.035156 0.028320
0 0.690918 0.104980 0.032227 0.040039