0 0.865723 0.463867 0.024414 0.029297
0 0.831055 0.455566 0.029297 0.026367
0 0.719238 0.461426 0.030273 0.028320
0 0.741211 0.346680 0.037109 0.037109
0 0.654297 0.275879 0.031250 0.030273
0 0.578125 0.209961 0.027344 0.050781
0 0.627441 0.207520 0.034180 0.032227
0 0.661133 0.198242 0.031250 0.027344
0 0.673828 0.220215 0.044922 0.022461
0 0.706543 0.197266 0.026367 0.037109
0 0.734375 0.208496 0.041016 0.030273
0 0.526367 0.161133 0.031250 0.044922
0 0.466309 0.179688 0.028320 0.042969
0 0.409668 0.173828 0.036133 0.039062
0 0.547363 0.130859 0.022461 0.029297
0 0.629395 0.176270 0.036133 0.032227
0 0.704590 0.381348 0.032227 0.028320
0 0.895996 0.462891 0.028320 0.031250
0 0.574219 0.336426 0.037109 0.041992
0 0.526367 0.246582 0.039062 0.038086
0 0.881348 0.111816 0.040039 0.034180
0 0.717773 0.118652 0.035156 0.028320
0 0.691895 0.125488 0.032227 0.040039
0 0.686035 0.350098 0.034180 0.026367
0 0.656738 0.239746 0.038086 0.022461