0 0.568359 0.891113 0.031250 0.026367
0 0.701172 0.882324 0.037109 0.028320
0 0.602539 0.888672 0.029297 0.027344
0 0.676758 0.873047 0.025391 0.021484
0 0.663086 0.885254 0.041016 0.020508
0 0.483398 0.853027 0.037109 0.034180
0 0.588867 0.860352 0.027344 0.029297
0 0.636230 0.851562 0.038086 0.029297
0 0.719238 0.856934 0.036133 0.032227
0 0.966309 0.894043 0.030273 0.040039
0 0.668457 0.835938 0.022461 0.035156
0 0.710938 0.817871 0.042969 0.028320
0 0.624023 0.811035 0.029297 0.030273
0 0.597168 0.818848 0.022461 0.030273
0 0.572754 0.816406 0.022461 0.033203
0 0.756836 0.814453 0.035156 0.029297
0 0.688477 0.802246 0.029297 0.032227
0 0.749512 0.784180 0.030273 0.029297
0 0.722168 0.798340 0.024414 0.040039
0 0.645996 0.793945 0.028320 0.029297
0 0.599121 0.791504 0.020508 0.030273
0 0.569824 0.791016 0.032227 0.031250
0 0.625000 0.768555 0.023438 0.029297
0 0.664062 0.766602 0.025391 0.033203
0 0.696777 0.754883 0.030273 0.029297
0 0.859863 0.862793 0.030273 0.040039
0 0.472168 0.628906 0.032227 0.037109
0 0.384766 0.607422 0.035156 0.041016
0 0.933594 0.906250 0.029297 0.050781
0 0.445801 0.709473 0.040039 0.045898
0 0.541504 0.475098 0.040039 0.030273
0 0.445801 0.445312 0.038086 0.033203
0 0.418457 0.427246 0.032227 0.028320
0 0.369141 0.409668 0.035156 0.041992