0 0.715820 0.897949 0.042969 0.028320
0 0.630859 0.895020 0.029297 0.030273
0 0.602051 0.898926 0.022461 0.030273
0 0.577637 0.896484 0.022461 0.033203
0 0.761719 0.894531 0.035156 0.029297
0 0.693359 0.882324 0.029297 0.032227
0 0.754395 0.864258 0.030273 0.029297
0 0.727051 0.878418 0.024414 0.040039
0 0.650879 0.874023 0.028320 0.029297
0 0.604004 0.871582 0.020508 0.030273
0 0.574707 0.871094 0.032227 0.031250
0 0.629883 0.848633 0.023438 0.029297
0 0.668945 0.846680 0.025391 0.033203
0 0.701660 0.834961 0.030273 0.029297
0 0.477051 0.708984 0.032227 0.037109
0 0.389648 0.687500 0.035156 0.041016
0 0.450684 0.789551 0.040039 0.045898
0 0.546387 0.555176 0.040039 0.030273
0 0.450684 0.525391 0.038086 0.033203
0 0.374023 0.489746 0.035156 0.041992
0 0.424805 0.505859 0.031250 0.035156