0 0.865723 0.456055 0.024414 0.029297
0 0.831055 0.447754 0.029297 0.026367
0 0.719238 0.453613 0.030273 0.028320
0 0.741211 0.338867 0.037109 0.037109
0 0.654297 0.268066 0.031250 0.030273
0 0.578125 0.202148 0.027344 0.050781
0 0.627441 0.199707 0.034180 0.032227
0 0.661133 0.190430 0.031250 0.027344
0 0.673828 0.212402 0.044922 0.022461
0 0.706543 0.189453 0.026367 0.037109
0 0.734375 0.200684 0.041016 0.030273
0 0.526367 0.153320 0.031250 0.044922
0 0.466309 0.171875 0.028320 0.042969
0 0.409668 0.166016 0.036133 0.039062
0 0.547363 0.123047 0.022461 0.029297
0 0.629395 0.168457 0.036133 0.032227
0 0.704590 0.373535 0.032227 0.028320
0 0.895996 0.455078 0.028320 0.031250
0 0.574219 0.328613 0.037109 0.041992
0 0.526367 0.238770 0.039062 0.038086
0 0.881348 0.104004 0.040039 0.034180
0 0.717773 0.110840 0.035156 0.028320
0 0.691895 0.117676 0.032227 0.040039
0 0.686035 0.342285 0.034180 0.026367
0 0.656738 0.231934 0.038086 0.022461