0 0.899414 0.440430 0.031250 0.027344
0 0.866699 0.438477 0.024414 0.029297
0 0.832031 0.429199 0.029297 0.026367
0 0.720215 0.436035 0.030273 0.028320
0 0.707031 0.360352 0.035156 0.023438
0 0.742188 0.321289 0.037109 0.037109
0 0.576660 0.313965 0.024414 0.028320
0 0.655273 0.250488 0.031250 0.030273
0 0.662109 0.215332 0.031250 0.024414
0 0.528320 0.225586 0.029297 0.037109
0 0.579102 0.184570 0.027344 0.050781
0 0.628418 0.182129 0.034180 0.032227
0 0.662109 0.172852 0.031250 0.027344
0 0.674805 0.194824 0.044922 0.022461
0 0.707520 0.171875 0.026367 0.037109
0 0.735352 0.183105 0.041016 0.030273
0 0.628418 0.156738 0.030273 0.022461
0 0.527344 0.135742 0.031250 0.044922
0 0.467285 0.154297 0.028320 0.042969
0 0.410645 0.148438 0.036133 0.039062
0 0.549316 0.113281 0.022461 0.029297
0 0.879395 0.087402 0.041992 0.041992
0 0.692383 0.107910 0.029297 0.032227
0 0.716309 0.098633 0.026367 0.023438