0 0.865723 0.577148 0.024414 0.029297
0 0.721191 0.575684 0.030273 0.028320
0 0.658203 0.386230 0.031250 0.030273
0 0.582031 0.325195 0.027344 0.050781
0 0.710449 0.312500 0.026367 0.037109
0 0.413574 0.289062 0.036133 0.039062
0 0.551270 0.246094 0.022461 0.029297
0 0.633301 0.298340 0.036133 0.032227
0 0.708496 0.496582 0.032227 0.028320
0 0.895996 0.578125 0.028320 0.031250
0 0.578125 0.451660 0.037109 0.041992
0 0.530273 0.361816 0.039062 0.038086
0 0.721680 0.233887 0.035156 0.028320
0 0.689941 0.465332 0.034180 0.026367
0 0.660645 0.354980 0.038086 0.022461
0 0.902832 0.185059 0.032227 0.032227
0 0.599121 0.203125 0.032227 0.027344
0 0.660156 0.178711 0.029297 0.023438
0 0.560059 0.181641 0.024414 0.033203
0 0.485840 0.183105 0.034180 0.020508
0 0.471680 0.193359 0.039062 0.033203
0 0.537109 0.166504 0.031250 0.026367