0 0.722168 0.505371 0.030273 0.028320
0 0.552246 0.175781 0.022461 0.029297
0 0.634277 0.221191 0.036133 0.032227
0 0.709473 0.426270 0.032227 0.028320
0 0.896973 0.507812 0.028320 0.031250
0 0.579102 0.381348 0.037109 0.041992
0 0.531250 0.291504 0.039062 0.038086
0 0.722656 0.163574 0.035156 0.028320
0 0.661621 0.284668 0.038086 0.022461
0 0.600098 0.132812 0.032227 0.027344
0 0.937500 0.096680 0.029297 0.023438
0 0.661133 0.108398 0.029297 0.023438
0 0.561035 0.111328 0.024414 0.033203
0 0.486816 0.112793 0.034180 0.020508
0 0.472656 0.123047 0.039062 0.033203
0 0.538086 0.096191 0.031250 0.026367