0 0.895508 0.387695 0.031250 0.027344
0 0.862793 0.385742 0.024414 0.029297
0 0.828125 0.377441 0.029297 0.026367
0 0.716309 0.385254 0.030273 0.028320
0 0.703125 0.304688 0.035156 0.023438
0 0.738281 0.267578 0.037109 0.037109
0 0.572754 0.261230 0.024414 0.028320
0 0.651367 0.197754 0.031250 0.030273
0 0.658203 0.162598 0.031250 0.024414
0 0.524414 0.168945 0.029297 0.037109
0 0.575195 0.131836 0.027344 0.050781
0 0.624512 0.129395 0.034180 0.032227
0 0.658203 0.120117 0.031250 0.027344
0 0.670898 0.142090 0.044922 0.022461
0 0.703613 0.119141 0.026367 0.037109
0 0.731445 0.130371 0.041016 0.030273
0 0.460449 0.105469 0.026367 0.029297
0 0.624512 0.094727 0.036133 0.027344
0 0.404785 0.099609 0.030273 0.033203