0 0.893555 0.356445 0.031250 0.027344
0 0.860840 0.354492 0.024414 0.029297
0 0.826172 0.346191 0.029297 0.026367
0 0.714355 0.354004 0.030273 0.028320
0 0.701172 0.273438 0.035156 0.023438
0 0.736328 0.236328 0.037109 0.037109
0 0.570801 0.229980 0.024414 0.028320
0 0.649414 0.166504 0.031250 0.030273
0 0.656250 0.131348 0.031250 0.024414
0 0.522461 0.135742 0.029297 0.037109
0 0.624512 0.104004 0.034180 0.018555
0 0.574219 0.102539 0.031250 0.033203
0 0.666016 0.106445 0.033203 0.021484
0 0.715820 0.102051 0.033203 0.026367