0 0.896484 0.419922 0.031250 0.027344
0 0.863770 0.417969 0.024414 0.029297
0 0.829102 0.409668 0.029297 0.026367
0 0.717285 0.417480 0.030273 0.028320
0 0.704102 0.336914 0.035156 0.023438
0 0.739258 0.299805 0.037109 0.037109
0 0.573730 0.293457 0.024414 0.028320
0 0.652344 0.229980 0.031250 0.030273
0 0.659180 0.194824 0.031250 0.024414
0 0.525391 0.205078 0.029297 0.037109
0 0.576172 0.164062 0.027344 0.050781
0 0.625488 0.161621 0.034180 0.032227
0 0.659180 0.152344 0.031250 0.027344
0 0.671875 0.174316 0.044922 0.022461
0 0.704590 0.151367 0.026367 0.037109
0 0.732422 0.162598 0.041016 0.030273
0 0.625488 0.136230 0.030273 0.022461
0 0.524414 0.115234 0.031250 0.044922
0 0.464355 0.133789 0.028320 0.042969
0 0.407715 0.127930 0.036133 0.039062
0 0.553223 0.097656 0.022461 0.029297