0 0.485352 0.891113 0.037109 0.034180
0 0.590820 0.898438 0.027344 0.029297
0 0.638184 0.889648 0.038086 0.029297
0 0.721191 0.895020 0.036133 0.032227
0 0.670410 0.874023 0.022461 0.035156
0 0.712891 0.855957 0.042969 0.028320
0 0.625977 0.849121 0.029297 0.030273
0 0.599121 0.856934 0.022461 0.030273
0 0.574707 0.854492 0.022461 0.033203
0 0.758789 0.852539 0.035156 0.029297
0 0.690430 0.840332 0.029297 0.032227
0 0.751465 0.822266 0.030273 0.029297
0 0.724121 0.836426 0.024414 0.040039
0 0.647949 0.832031 0.028320 0.029297
0 0.601074 0.829590 0.020508 0.030273
0 0.571777 0.829102 0.032227 0.031250
0 0.626953 0.806641 0.023438 0.029297
0 0.666016 0.804688 0.025391 0.033203
0 0.698730 0.792969 0.030273 0.029297
0 0.861816 0.900879 0.030273 0.040039
0 0.474121 0.666992 0.032227 0.037109
0 0.386719 0.645508 0.035156 0.041016
0 0.447754 0.747559 0.040039 0.045898
0 0.543457 0.513184 0.040039 0.030273
0 0.447754 0.483398 0.038086 0.033203
0 0.420410 0.465332 0.032227 0.028320
0 0.371094 0.447754 0.035156 0.041992