0 0.714844 0.893066 0.042969 0.028320
0 0.629883 0.890137 0.029297 0.030273
0 0.601074 0.894043 0.022461 0.030273
0 0.576660 0.891602 0.022461 0.033203
0 0.760742 0.889648 0.035156 0.029297
0 0.692383 0.877441 0.029297 0.032227
0 0.753418 0.859375 0.030273 0.029297
0 0.726074 0.873535 0.024414 0.040039
0 0.649902 0.869141 0.028320 0.029297
0 0.603027 0.866699 0.020508 0.030273
0 0.573730 0.866211 0.032227 0.031250
0 0.628906 0.843750 0.023438 0.029297
0 0.667969 0.841797 0.025391 0.033203
0 0.700684 0.830078 0.030273 0.029297
0 0.476074 0.704102 0.032227 0.037109
0 0.388672 0.682617 0.035156 0.041016
0 0.449707 0.784668 0.040039 0.045898
0 0.545410 0.550293 0.040039 0.030273
0 0.449707 0.520508 0.038086 0.033203
0 0.373047 0.484863 0.035156 0.041992
0 0.423828 0.500977 0.031250 0.035156