0 0.093750 0.675781 0.035156 0.027344
0 0.062988 0.684570 0.028320 0.041016
0 0.023438 0.687500 0.029297 0.027344
0 0.009766 0.707031 0.019531 0.027344
0 0.046387 0.709473 0.034180 0.022461
0 0.144531 0.712891 0.023438 0.039062
0 0.022461 0.732422 0.027344 0.042969
0 0.085449 0.723145 0.028320 0.028320
0 0.112793 0.719238 0.028320 0.028320
0 0.006836 0.738770 0.013672 0.040039
0 0.063477 0.755371 0.031250 0.034180
0 0.108887 0.736816 0.032227 0.022461
0 0.135254 0.738770 0.030273 0.026367
0 0.035156 0.770996 0.027344 0.032227
0 0.115723 0.773926 0.036133 0.032227
0 0.007812 0.783203 0.015625 0.050781
0 0.071777 0.787598 0.032227 0.022461
0 0.253418 0.791992 0.034180 0.035156
0 0.092773 0.794434 0.033203 0.026367
0 0.057617 0.798828 0.031250 0.027344
0 0.007324 0.821777 0.014648 0.036133
0 0.040527 0.825195 0.041992 0.025391
0 0.084961 0.826660 0.029297 0.026367
0 0.029785 0.843262 0.040039 0.022461
0 0.358887 0.825195 0.030273 0.033203
0 0.327148 0.838379 0.027344 0.041992
0 0.585938 0.854980 0.035156 0.045898
0 0.143066 0.886230 0.034180 0.045898
0 0.120117 0.891602 0.025391 0.041016
0 0.295410 0.878418 0.041992 0.026367
0 0.620117 0.899414 0.037109 0.039062