0 0.095703 0.694336 0.035156 0.027344
0 0.062012 0.705078 0.028320 0.041016
0 0.023438 0.707031 0.029297 0.027344
0 0.009277 0.727539 0.018555 0.027344
0 0.045410 0.729004 0.034180 0.022461
0 0.143555 0.729492 0.023438 0.039062
0 0.025391 0.746094 0.027344 0.042969
0 0.083496 0.737793 0.028320 0.028320
0 0.111816 0.737793 0.028320 0.028320
0 0.006348 0.759277 0.012695 0.040039
0 0.063477 0.772949 0.031250 0.034180
0 0.107910 0.757324 0.032227 0.022461
0 0.139160 0.755371 0.030273 0.026367
0 0.036133 0.793457 0.027344 0.032227
0 0.114746 0.794434 0.036133 0.032227
0 0.007324 0.803711 0.014648 0.050781
0 0.070801 0.808105 0.032227 0.022461
0 0.252441 0.812500 0.034180 0.035156
0 0.091797 0.814941 0.033203 0.026367
0 0.056641 0.819336 0.031250 0.027344
0 0.006836 0.842285 0.013672 0.036133
0 0.039551 0.843750 0.041992 0.025391
0 0.089844 0.847168 0.029297 0.026367
0 0.025879 0.861816 0.040039 0.022461
0 0.357910 0.845703 0.030273 0.033203
0 0.326172 0.858887 0.027344 0.041992
0 0.590820 0.880371 0.035156 0.045898
0 0.137207 0.904785 0.034180 0.045898