0 0.110352 0.764648 0.035156 0.027344
0 0.075684 0.769531 0.028320 0.041016
0 0.036133 0.775391 0.029297 0.027344
0 0.016113 0.795898 0.032227 0.027344
0 0.057129 0.800293 0.034180 0.022461
0 0.156250 0.797852 0.023438 0.039062
0 0.038086 0.814453 0.027344 0.042969
0 0.096191 0.806152 0.028320 0.028320
0 0.124512 0.806152 0.028320 0.028320
0 0.008301 0.821777 0.016602 0.040039
0 0.078125 0.841309 0.031250 0.034180
0 0.120605 0.821777 0.032227 0.022461
0 0.150879 0.827637 0.030273 0.026367
0 0.046875 0.859863 0.027344 0.032227
0 0.125488 0.862793 0.036133 0.032227
0 0.006348 0.862305 0.012695 0.021484
0 0.011230 0.874023 0.022461 0.050781
0 0.080566 0.872559 0.032227 0.022461
0 0.265137 0.880859 0.034180 0.035156
0 0.104492 0.883301 0.033203 0.026367
0 0.068359 0.892578 0.031250 0.027344
0 0.014648 0.909668 0.027344 0.036133