0 0.118164 0.790039 0.035156 0.027344
0 0.082520 0.796875 0.028320 0.041016
0 0.042969 0.802734 0.029297 0.027344
0 0.020996 0.823242 0.036133 0.027344
0 0.064941 0.827637 0.034180 0.022461
0 0.163086 0.824219 0.023438 0.039062
0 0.045898 0.841797 0.027344 0.042969
0 0.104004 0.833496 0.028320 0.028320
0 0.133301 0.830566 0.028320 0.028320
0 0.012207 0.849121 0.024414 0.040039
0 0.085938 0.868652 0.031250 0.034180
0 0.128418 0.849121 0.032227 0.022461
0 0.159668 0.855957 0.030273 0.026367
0 0.054688 0.887207 0.027344 0.032227
0 0.131348 0.884277 0.036133 0.032227
0 0.009766 0.884766 0.019531 0.021484
0 0.018555 0.901367 0.023438 0.050781
0 0.091309 0.907715 0.032227 0.022461