0 0.085449 0.150391 0.026367 0.037109
0 0.052734 0.077148 0.025391 0.041016
0 0.028809 0.156250 0.032227 0.029297
0 0.020020 0.130371 0.032227 0.040039
0 0.065430 0.134277 0.033203 0.032227
0 0.020020 0.174805 0.032227 0.025391
0 0.012207 0.210938 0.024414 0.029297
0 0.095703 0.281250 0.031250 0.044922
0 0.040039 0.290527 0.035156 0.041992
0 0.054688 0.320312 0.039062 0.035156
0 0.070312 0.395508 0.033203 0.035156
0 0.179688 0.390625 0.029297 0.042969
0 0.213379 0.406250 0.041992 0.033203
0 0.241699 0.408691 0.040039 0.040039