0 0.101562 0.713867 0.035156 0.027344
0 0.066895 0.723633 0.028320 0.041016
0 0.027344 0.725586 0.029297 0.027344
0 0.011719 0.746094 0.023438 0.027344
0 0.049316 0.750488 0.034180 0.022461
0 0.148438 0.748047 0.023438 0.039062
0 0.030273 0.764648 0.027344 0.042969
0 0.088379 0.756348 0.028320 0.028320
0 0.116699 0.756348 0.028320 0.028320
0 0.004395 0.771973 0.008789 0.040039
0 0.070312 0.791504 0.031250 0.034180
0 0.112793 0.775879 0.032227 0.022461
0 0.146973 0.775879 0.030273 0.026367
0 0.039062 0.810059 0.027344 0.032227
0 0.117676 0.812988 0.036133 0.032227
0 0.000488 0.791016 0.000977 0.021484
0 0.007324 0.824219 0.014648 0.050781
0 0.072754 0.822754 0.032227 0.022461
0 0.257324 0.831055 0.034180 0.035156
0 0.096680 0.833496 0.033203 0.026367
0 0.059570 0.837891 0.031250 0.027344
0 0.010254 0.859863 0.020508 0.036133
0 0.044434 0.862305 0.041992 0.025391
0 0.093750 0.865723 0.029297 0.026367
0 0.030762 0.880371 0.040039 0.022461
0 0.361816 0.861328 0.030273 0.033203
0 0.331055 0.877441 0.027344 0.041992