0 0.105469 0.732422 0.035156 0.027344
0 0.072754 0.741211 0.028320 0.041016
0 0.033203 0.740234 0.029297 0.027344
0 0.014648 0.760742 0.029297 0.027344
0 0.056152 0.770020 0.034180 0.022461
0 0.154297 0.764648 0.023438 0.039062
0 0.031250 0.789062 0.027344 0.042969
0 0.093262 0.779785 0.028320 0.028320
0 0.121582 0.775879 0.028320 0.028320
0 0.006836 0.786621 0.013672 0.040039
0 0.075195 0.806152 0.031250 0.034180
0 0.115723 0.795410 0.032227 0.022461
0 0.148926 0.795410 0.030273 0.026367
0 0.041992 0.828613 0.027344 0.032227
0 0.122559 0.827637 0.036133 0.032227
0 0.005859 0.830078 0.011719 0.021484
0 0.012695 0.843750 0.023438 0.050781
0 0.078613 0.845215 0.032227 0.022461
0 0.262207 0.847656 0.034180 0.035156
0 0.101562 0.853027 0.033203 0.026367
0 0.066406 0.855469 0.031250 0.027344
0 0.012207 0.878418 0.024414 0.036133
0 0.048340 0.875000 0.038086 0.033203
0 0.096680 0.885742 0.019531 0.029297
0 0.366211 0.879395 0.025391 0.026367
0 0.034668 0.898438 0.034180 0.027344
0 0.333008 0.888672 0.023438 0.031250