0 0.105469 0.742188 0.035156 0.027344
0 0.072754 0.750977 0.028320 0.041016
0 0.033203 0.750000 0.029297 0.027344
0 0.014648 0.770508 0.029297 0.027344
0 0.056152 0.779785 0.034180 0.022461
0 0.154297 0.774414 0.023438 0.039062
0 0.034180 0.797852 0.027344 0.042969
0 0.093262 0.792480 0.028320 0.028320
0 0.121582 0.780762 0.028320 0.028320
0 0.006836 0.796387 0.013672 0.040039
0 0.075195 0.815918 0.031250 0.034180
0 0.115723 0.805176 0.032227 0.022461
0 0.148926 0.805176 0.030273 0.026367
0 0.043945 0.834473 0.027344 0.032227
0 0.122559 0.837402 0.036133 0.032227
0 0.005859 0.839844 0.011719 0.021484
0 0.012695 0.853516 0.023438 0.050781
0 0.077637 0.847168 0.032227 0.022461
0 0.262207 0.857422 0.034180 0.035156
0 0.101562 0.857910 0.033203 0.026367
0 0.066406 0.865234 0.031250 0.027344
0 0.012207 0.888184 0.024414 0.036133
0 0.048340 0.884766 0.038086 0.033203
0 0.096680 0.895508 0.019531 0.029297
0 0.367188 0.885254 0.025391 0.026367
0 0.034668 0.908203 0.034180 0.027344