0 0.109375 0.755859 0.035156 0.027344
0 0.074707 0.760742 0.028320 0.041016
0 0.035156 0.766602 0.029297 0.027344
0 0.015625 0.787109 0.031250 0.027344
0 0.056152 0.791504 0.034180 0.022461
0 0.155273 0.789062 0.023438 0.039062
0 0.037109 0.805664 0.027344 0.042969
0 0.095215 0.797363 0.028320 0.028320
0 0.123535 0.797363 0.028320 0.028320
0 0.007812 0.812988 0.015625 0.040039
0 0.077148 0.832520 0.031250 0.034180
0 0.119629 0.812988 0.032227 0.022461
0 0.151855 0.830566 0.030273 0.026367
0 0.045898 0.851074 0.027344 0.032227
0 0.124512 0.854004 0.036133 0.032227
0 0.006348 0.862305 0.012695 0.021484
0 0.010742 0.865234 0.021484 0.050781
0 0.079590 0.863770 0.032227 0.022461
0 0.264160 0.872070 0.034180 0.035156
0 0.103516 0.874512 0.033203 0.026367
0 0.068359 0.892578 0.031250 0.027344
0 0.013672 0.900879 0.027344 0.036133
0 0.050293 0.907227 0.038086 0.033203