0 0.109375 0.744141 0.035156 0.027344
0 0.074707 0.749023 0.028320 0.041016
0 0.035156 0.754883 0.029297 0.027344
0 0.015625 0.775391 0.031250 0.027344
0 0.056152 0.779785 0.034180 0.022461
0 0.155273 0.777344 0.023438 0.039062
0 0.037109 0.793945 0.027344 0.042969
0 0.095215 0.785645 0.028320 0.028320
0 0.123535 0.785645 0.028320 0.028320
0 0.007812 0.801270 0.015625 0.040039
0 0.077148 0.820801 0.031250 0.034180
0 0.117676 0.810059 0.032227 0.022461
0 0.150879 0.810059 0.030273 0.026367
0 0.045898 0.839355 0.027344 0.032227
0 0.124512 0.842285 0.036133 0.032227
0 0.006836 0.844727 0.013672 0.021484
0 0.014648 0.858398 0.023438 0.050781
0 0.079590 0.852051 0.032227 0.022461
0 0.264160 0.860352 0.034180 0.035156
0 0.103516 0.862793 0.033203 0.026367
0 0.068359 0.870117 0.031250 0.027344
0 0.013184 0.893066 0.026367 0.036133
0 0.050293 0.889648 0.038086 0.033203
0 0.098633 0.900391 0.019531 0.029297
0 0.369141 0.890137 0.025391 0.026367
0 0.036621 0.913086 0.034180 0.027344