0 0.125000 0.830078 0.035156 0.027344
0 0.089355 0.836914 0.028320 0.041016
0 0.050781 0.835938 0.029297 0.027344
0 0.027832 0.863281 0.036133 0.027344
0 0.003418 0.854492 0.006836 0.037109
0 0.071777 0.862793 0.034180 0.022461
0 0.169922 0.864258 0.023438 0.039062
0 0.052734 0.881836 0.027344 0.042969
0 0.110840 0.873535 0.028320 0.028320
0 0.140137 0.870605 0.028320 0.028320
0 0.025391 0.885742 0.017578 0.021484
0 0.011230 0.885254 0.022461 0.040039
0 0.092773 0.908691 0.031250 0.034180
0 0.135254 0.889160 0.032227 0.022461
0 0.167480 0.889160 0.030273 0.026367