0 0.534326 0.318213 0.078223 0.069629
0 0.936865 0.204541 0.074512 0.063965
0 0.963574 0.269336 0.070508 0.066211
0 0.828174 0.171387 0.083691 0.075781
0 0.823340 0.363867 0.062695 0.062109
0 0.643799 0.566357 0.058105 0.066309
0 0.837549 0.307178 0.071582 0.059277
0 0.505518 0.525000 0.058105 0.057227
0 0.654639 0.406006 0.063770 0.056348
0 0.878662 0.221875 0.074512 0.067773
0 0.875977 0.171191 0.061328 0.063867
0 0.892139 0.294141 0.060254 0.052930
0 0.930322 0.409082 0.066699 0.071289
0 0.836133 0.429297 0.060742 0.062891
0 0.550488 0.562402 0.058008 0.053320
0 0.687988 0.427588 0.073242 0.056543
0 0.789014 0.427295 0.067090 0.054199