0 0.889502 0.396289 0.063770 0.063477
0 0.531689 0.728369 0.076465 0.069629
0 0.960547 0.506982 0.066797 0.062012
0 0.799072 0.768359 0.061230 0.058203
0 0.934766 0.682764 0.072656 0.065527
0 0.898828 0.813721 0.066016 0.071777
0 0.803809 0.594922 0.075586 0.067773
0 0.908936 0.623242 0.073535 0.059570
0 0.853174 0.643506 0.067480 0.061816
0 0.848437 0.596289 0.059961 0.059961
0 0.646045 0.802637 0.062402 0.054492
0 0.816162 0.717725 0.067871 0.057129
0 0.867139 0.704395 0.056348 0.049609
0 0.773193 0.823193 0.060449 0.051855
0 0.815088 0.833203 0.057129 0.059375
0 0.679639 0.829639 0.084082 0.065332