0 0.893066 0.346631 0.064453 0.064551
0 0.533252 0.681641 0.078027 0.069922
0 0.963330 0.456201 0.066895 0.062207
0 0.936523 0.635938 0.072266 0.067383
0 0.910254 0.576367 0.071289 0.060547
0 0.802734 0.722412 0.062891 0.058301
0 0.903223 0.768262 0.068555 0.075195
0 0.850781 0.548242 0.058984 0.059180
0 0.854980 0.595313 0.067383 0.060742
0 0.806982 0.546680 0.075879 0.068945
0 0.817920 0.671240 0.068066 0.058301
0 0.646338 0.757080 0.065332 0.055762
0 0.867090 0.656738 0.057227 0.052344
0 0.681787 0.787646 0.069043 0.049707
0 0.774414 0.777734 0.056836 0.051172