2 0.485352 0.884277 0.037109 0.034180 1
2 0.590820 0.891602 0.027344 0.029297 1
2 0.638184 0.882812 0.038086 0.029297 1
2 0.721191 0.888184 0.036133 0.032227 1
2 0.968262 0.925293 0.030273 0.040039 1
2 0.670410 0.867188 0.022461 0.035156 1
2 0.712891 0.849121 0.042969 0.028320 1
2 0.625977 0.842285 0.029297 0.030273 1
2 0.599121 0.850098 0.022461 0.030273 1
2 0.574707 0.847656 0.022461 0.033203 1
2 0.758789 0.845703 0.035156 0.029297 1
2 0.690430 0.833496 0.029297 0.032227 1
2 0.751465 0.815430 0.030273 0.029297 1
2 0.724121 0.829590 0.024414 0.040039 0
2 0.647949 0.825195 0.028320 0.029297 0
2 0.601074 0.822754 0.020508 0.030273 1
2 0.571777 0.822266 0.032227 0.031250 1
2 0.626953 0.799805 0.023438 0.029297 1
2 0.666016 0.797852 0.025391 0.033203 1
2 0.698730 0.786133 0.030273 0.029297 1
2 0.861816 0.894043 0.030273 0.040039 1
2 0.474121 0.660156 0.032227 0.037109 0
2 0.386719 0.638672 0.035156 0.041016 1
2 0.447754 0.740723 0.040039 0.045898 1
2 0.543457 0.506348 0.040039 0.030273 1
2 0.447754 0.476562 0.038086 0.033203 1
2 0.420410 0.458496 0.032227 0.028320 1
2 0.371094 0.440918 0.035156 0.041992 1
