2 0.896484 0.415039 0.031250 0.027344 1
2 0.863770 0.413086 0.024414 0.029297 1
2 0.829102 0.404785 0.029297 0.026367 1
2 0.717285 0.412598 0.030273 0.028320 1
2 0.704102 0.332031 0.035156 0.023438 1
2 0.739258 0.294922 0.037109 0.037109 1
2 0.573730 0.288574 0.024414 0.028320 1
2 0.652344 0.225098 0.031250 0.030273 1
2 0.659180 0.189941 0.031250 0.024414 1
2 0.525391 0.200195 0.029297 0.037109 1
2 0.576172 0.159180 0.027344 0.050781 1
2 0.625488 0.156738 0.034180 0.032227 1
2 0.659180 0.147461 0.031250 0.027344 1
2 0.671875 0.169434 0.044922 0.022461 1
2 0.704590 0.146484 0.026367 0.037109 1
2 0.732422 0.157715 0.041016 0.030273 1
2 0.404785 0.122559 0.034180 0.034180 1
2 0.462891 0.128906 0.031250 0.039062 1
2 0.523926 0.109375 0.028320 0.039062 1
2 0.626953 0.126953 0.033203 0.027344 1
