2 0.9022827148 0.4260253906 0.0312500000 0.0273437500
2 0.8700561523 0.4240722656 0.0234375000 0.0292968750
2 0.8358764648 0.4152832031 0.0292968750 0.0253906250
2 0.7235717773 0.4221191406 0.0292968750 0.0273437500
2 0.7103881836 0.3420410156 0.0341796875 0.0234375000
2 0.7455444336 0.3054199219 0.0361328125 0.0361328125
2 0.5790405273 0.2990722656 0.0234375000 0.0273437500
2 0.6591186523 0.2346191406 0.0312500000 0.0292968750
2 0.6659545898 0.1994628906 0.0312500000 0.0234375000
2 0.5321655273 0.2087402344 0.0292968750 0.0361328125
2 0.5829467773 0.1687011719 0.0273437500 0.0498046875
2 0.6312866211 0.1667480469 0.0341796875 0.0322265625
2 0.6659545898 0.1584472656 0.0312500000 0.0273437500
2 0.6776733398 0.1794433594 0.0449218750 0.0224609375
2 0.7108764648 0.1569824219 0.0253906250 0.0361328125
2 0.7382202148 0.1682128906 0.0410156250 0.0292968750
2 0.6307983398 0.1408691406 0.0390625000 0.0312500000
2 0.5321655273 0.1252441406 0.0312500000 0.0449218750
2 0.4696655273 0.1437988281 0.0312500000 0.0429687500
2 0.4086303711 0.1354980469 0.0380859375 0.0361328125
