2 0.896484 0.429688 0.031250 0.027344 1
2 0.863770 0.427734 0.024414 0.029297 1
2 0.829102 0.419434 0.029297 0.026367 1
2 0.717285 0.427246 0.030273 0.028320 1
2 0.704102 0.346680 0.035156 0.023438 1
2 0.739258 0.310547 0.037109 0.037109 1
2 0.573730 0.304199 0.024414 0.028320 1
2 0.652344 0.239746 0.031250 0.030273 1
2 0.659180 0.204590 0.031250 0.024414 1
2 0.525391 0.214844 0.029297 0.037109 1
2 0.576172 0.173828 0.027344 0.050781 1
2 0.625488 0.171387 0.034180 0.032227 1
2 0.659180 0.162109 0.031250 0.027344 1
2 0.671875 0.184082 0.044922 0.022461 1
2 0.704590 0.161133 0.026367 0.037109 1
2 0.732422 0.172363 0.041016 0.030273 1
2 0.625488 0.145996 0.030273 0.022461 1
2 0.524414 0.125000 0.031250 0.044922 1
2 0.464355 0.143555 0.028320 0.042969 1
2 0.407715 0.137695 0.036133 0.039062 1
2 0.552246 0.106445 0.022461 0.029297 0
2 0.695312 0.100586 0.037109 0.025391 1
