2 0.596191 0.882812 0.024414 0.033203 0
2 0.639648 0.885254 0.039062 0.020508 1
2 0.568359 0.872559 0.031250 0.026367 0
2 0.699219 0.856934 0.037109 0.028320 1
2 0.600586 0.863281 0.029297 0.027344 1
2 0.674805 0.847656 0.025391 0.021484 1
2 0.661133 0.859863 0.041016 0.020508 1
2 0.483398 0.830566 0.037109 0.034180 1
2 0.587891 0.839844 0.027344 0.029297 1
2 0.634277 0.830078 0.038086 0.029297 1
2 0.717285 0.831543 0.036133 0.032227 1
2 0.972168 0.870605 0.030273 0.040039 1
2 0.667480 0.812500 0.022461 0.035156 1
2 0.712891 0.796387 0.042969 0.028320 1
2 0.625000 0.789551 0.029297 0.030273 1
2 0.597168 0.797363 0.022461 0.030273 1
2 0.575684 0.794922 0.022461 0.033203 1
2 0.758789 0.790039 0.035156 0.029297 1
2 0.686523 0.780762 0.029297 0.032227 1
2 0.751465 0.764648 0.030273 0.029297 1
2 0.723145 0.772949 0.024414 0.040039 0
2 0.645996 0.771484 0.028320 0.029297 0
2 0.597168 0.770996 0.020508 0.030273 1
2 0.567871 0.769531 0.032227 0.031250 1
2 0.623047 0.747070 0.023438 0.029297 1
2 0.664062 0.745117 0.025391 0.033203 1
2 0.518066 0.894043 0.034180 0.028320 1
2 0.696777 0.733398 0.030273 0.029297 1
2 0.861816 0.840332 0.030273 0.040039 1
2 0.694824 0.889160 0.016602 0.032227 0
2 0.472168 0.605469 0.032227 0.037109 0
2 0.384766 0.584961 0.035156 0.041016 1
2 0.937500 0.881836 0.029297 0.050781 1
2 0.443848 0.687012 0.040039 0.045898 1
2 0.539551 0.449707 0.040039 0.030273 1
2 0.443848 0.419922 0.038086 0.033203 1
2 0.416504 0.401855 0.032227 0.028320 1
2 0.367188 0.384277 0.035156 0.041992 1
