2 0.693359 0.892090 0.029297 0.032227 1
2 0.727051 0.888184 0.024414 0.040039 0
2 0.650879 0.883789 0.028320 0.029297 0
2 0.604004 0.881348 0.020508 0.030273 1
2 0.574707 0.880859 0.032227 0.031250 1
2 0.629883 0.858398 0.023438 0.029297 1
2 0.668945 0.856445 0.025391 0.033203 1
2 0.701660 0.844727 0.030273 0.029297 1
2 0.477051 0.718750 0.032227 0.037109 0
2 0.389648 0.697266 0.035156 0.041016 1
2 0.450684 0.799316 0.040039 0.045898 1
2 0.546387 0.564941 0.040039 0.030273 1
2 0.450684 0.535156 0.038086 0.033203 1
2 0.374023 0.499512 0.035156 0.041992 1
2 0.424805 0.515625 0.031250 0.035156 1
2 0.758301 0.878906 0.030273 0.029297 1
