2 0.639160 0.894531 0.038086 0.029297 1
2 0.722168 0.899902 0.036133 0.032227 1
2 0.671387 0.878906 0.022461 0.035156 1
2 0.713867 0.860840 0.042969 0.028320 1
2 0.626953 0.854004 0.029297 0.030273 1
2 0.600098 0.861816 0.022461 0.030273 1
2 0.575684 0.859375 0.022461 0.033203 1
2 0.759766 0.857422 0.035156 0.029297 1
2 0.691406 0.845215 0.029297 0.032227 1
2 0.752441 0.827148 0.030273 0.029297 1
2 0.725098 0.841309 0.024414 0.040039 0
2 0.648926 0.836914 0.028320 0.029297 0
2 0.602051 0.834473 0.020508 0.030273 1
2 0.572754 0.833984 0.032227 0.031250 1
2 0.627930 0.811523 0.023438 0.029297 1
2 0.666992 0.809570 0.025391 0.033203 1
2 0.699707 0.797852 0.030273 0.029297 1
2 0.862793 0.905762 0.030273 0.040039 1
2 0.475098 0.671875 0.032227 0.037109 0
2 0.387695 0.650391 0.035156 0.041016 1
2 0.448730 0.752441 0.040039 0.045898 1
2 0.544434 0.518066 0.040039 0.030273 1
2 0.448730 0.488281 0.038086 0.033203 1
2 0.372070 0.452637 0.035156 0.041992 1
2 0.422852 0.464844 0.031250 0.035156 1
