2 0.703125 0.901855 0.037109 0.028320 1
2 0.605469 0.898438 0.029297 0.027344 1
2 0.678711 0.892578 0.025391 0.021484 1
2 0.485352 0.872559 0.037109 0.034180 1
2 0.590820 0.879883 0.027344 0.029297 1
2 0.638184 0.871094 0.038086 0.029297 1
2 0.721191 0.876465 0.036133 0.032227 1
2 0.968262 0.913574 0.030273 0.040039 1
2 0.670410 0.855469 0.022461 0.035156 1
2 0.712891 0.837402 0.042969 0.028320 1
2 0.625977 0.830566 0.029297 0.030273 1
2 0.599121 0.838379 0.022461 0.030273 1
2 0.574707 0.835938 0.022461 0.033203 1
2 0.758789 0.833984 0.035156 0.029297 1
2 0.690430 0.821777 0.029297 0.032227 1
2 0.751465 0.803711 0.030273 0.029297 1
2 0.724121 0.817871 0.024414 0.040039 0
2 0.647949 0.813477 0.028320 0.029297 0
2 0.601074 0.811035 0.020508 0.030273 1
2 0.571777 0.810547 0.032227 0.031250 1
2 0.626953 0.788086 0.023438 0.029297 1
2 0.666016 0.786133 0.025391 0.033203 1
2 0.698730 0.774414 0.030273 0.029297 1
2 0.861816 0.882324 0.030273 0.040039 1
2 0.474121 0.648438 0.032227 0.037109 0
2 0.386719 0.626953 0.035156 0.041016 1
2 0.447754 0.729004 0.040039 0.045898 1
2 0.543457 0.494629 0.040039 0.030273 1
2 0.447754 0.464844 0.038086 0.033203 1
2 0.420410 0.446777 0.032227 0.028320 1
2 0.371094 0.429199 0.035156 0.041992 1
