2 0.692383 0.901855 0.029297 0.032227 1
2 0.726074 0.897949 0.024414 0.040039 0
2 0.649902 0.893555 0.028320 0.029297 0
2 0.603027 0.891113 0.020508 0.030273 1
2 0.573730 0.890625 0.032227 0.031250 1
2 0.628906 0.868164 0.023438 0.029297 1
2 0.667969 0.866211 0.025391 0.033203 1
2 0.700684 0.854492 0.030273 0.029297 1
2 0.476074 0.728516 0.032227 0.037109 0
2 0.388672 0.707031 0.035156 0.041016 1
2 0.449707 0.809082 0.040039 0.045898 1
2 0.545410 0.574707 0.040039 0.030273 1
2 0.449707 0.544922 0.038086 0.033203 1
2 0.373047 0.509277 0.035156 0.041992 1
2 0.423828 0.525391 0.031250 0.035156 1
2 0.757324 0.888672 0.030273 0.029297 1
