2 0.692383 0.897949 0.029297 0.032227 1
2 0.726074 0.894043 0.024414 0.040039 0
2 0.649902 0.889648 0.028320 0.029297 0
2 0.603027 0.887207 0.020508 0.030273 1
2 0.573730 0.886719 0.032227 0.031250 1
2 0.628906 0.864258 0.023438 0.029297 1
2 0.667969 0.862305 0.025391 0.033203 1
2 0.700684 0.850586 0.030273 0.029297 1
2 0.476074 0.724609 0.032227 0.037109 0
2 0.388672 0.703125 0.035156 0.041016 1
2 0.449707 0.805176 0.040039 0.045898 1
2 0.545410 0.570801 0.040039 0.030273 1
2 0.449707 0.541016 0.038086 0.033203 1
2 0.373047 0.505371 0.035156 0.041992 1
2 0.423828 0.521484 0.031250 0.035156 1
2 0.757324 0.884766 0.030273 0.029297 1
