2 0.640137 0.898438 0.038086 0.029297 1
2 0.723145 0.903809 0.036133 0.032227 1
2 0.672363 0.882812 0.022461 0.035156 1
2 0.714844 0.864746 0.042969 0.028320 1
2 0.627930 0.857910 0.029297 0.030273 1
2 0.601074 0.865723 0.022461 0.030273 1
2 0.576660 0.863281 0.022461 0.033203 1
2 0.760742 0.861328 0.035156 0.029297 1
2 0.692383 0.849121 0.029297 0.032227 1
2 0.753418 0.831055 0.030273 0.029297 1
2 0.726074 0.845215 0.024414 0.040039 0
2 0.649902 0.840820 0.028320 0.029297 0
2 0.603027 0.838379 0.020508 0.030273 1
2 0.573730 0.837891 0.032227 0.031250 1
2 0.628906 0.815430 0.023438 0.029297 1
2 0.667969 0.813477 0.025391 0.033203 1
2 0.700684 0.801758 0.030273 0.029297 1
2 0.863770 0.909668 0.030273 0.040039 1
2 0.476074 0.675781 0.032227 0.037109 0
2 0.388672 0.654297 0.035156 0.041016 1
2 0.449707 0.756348 0.040039 0.045898 1
2 0.545410 0.521973 0.040039 0.030273 1
2 0.449707 0.492188 0.038086 0.033203 1
2 0.373047 0.456543 0.035156 0.041992 1
2 0.423828 0.472656 0.031250 0.035156 1
