2 0.761719 0.899414 0.035156 0.029297 1
2 0.693359 0.887207 0.029297 0.032227 1
2 0.754395 0.869141 0.030273 0.029297 1
2 0.727051 0.883301 0.024414 0.040039 0
2 0.650879 0.878906 0.028320 0.029297 0
2 0.604004 0.876465 0.020508 0.030273 1
2 0.574707 0.875977 0.032227 0.031250 1
2 0.629883 0.853516 0.023438 0.029297 1
2 0.668945 0.851562 0.025391 0.033203 1
2 0.701660 0.839844 0.030273 0.029297 1
2 0.477051 0.713867 0.032227 0.037109 0
2 0.389648 0.692383 0.035156 0.041016 1
2 0.450684 0.794434 0.040039 0.045898 1
2 0.546387 0.560059 0.040039 0.030273 1
2 0.450684 0.530273 0.038086 0.033203 1
2 0.374023 0.494629 0.035156 0.041992 1
2 0.424805 0.510742 0.031250 0.035156 1
