2 0.894531 0.370117 0.031250 0.027344 1
2 0.861816 0.368164 0.024414 0.029297 1
2 0.827148 0.359863 0.029297 0.026367 1
2 0.715332 0.367676 0.030273 0.028320 1
2 0.702148 0.287109 0.035156 0.023438 1
2 0.737305 0.250000 0.037109 0.037109 1
2 0.571777 0.243652 0.024414 0.028320 1
2 0.650391 0.180176 0.031250 0.030273 1
2 0.657227 0.145020 0.031250 0.024414 1
2 0.523438 0.149414 0.029297 0.037109 1
2 0.572266 0.114746 0.039062 0.043945 1
2 0.623535 0.108398 0.030273 0.039062 1
2 0.657227 0.101074 0.025391 0.028320 1
2 0.668457 0.122070 0.040039 0.027344 1
2 0.705078 0.101074 0.027344 0.026367 1
2 0.726562 0.112305 0.041016 0.029297 1
