2 0.597168 0.881836 0.024414 0.033203 0
2 0.640625 0.884277 0.039062 0.020508 1
2 0.506836 0.902344 0.039062 0.033203 1
2 0.569336 0.871582 0.031250 0.026367 0
2 0.700195 0.855957 0.037109 0.028320 1
2 0.601562 0.862305 0.029297 0.027344 1
2 0.675781 0.846680 0.025391 0.021484 1
2 0.662109 0.858887 0.041016 0.020508 1
2 0.484375 0.829590 0.037109 0.034180 1
2 0.588867 0.838867 0.027344 0.029297 1
2 0.635254 0.829102 0.038086 0.029297 1
2 0.718262 0.830566 0.036133 0.032227 1
2 0.973145 0.869629 0.030273 0.040039 1
2 0.668457 0.811523 0.022461 0.035156 1
2 0.713867 0.795410 0.042969 0.028320 1
2 0.625977 0.788574 0.029297 0.030273 1
2 0.598145 0.796387 0.022461 0.030273 1
2 0.576660 0.793945 0.022461 0.033203 1
2 0.759766 0.789062 0.035156 0.029297 1
2 0.687500 0.779785 0.029297 0.032227 1
2 0.752441 0.763672 0.030273 0.029297 1
2 0.724121 0.771973 0.024414 0.040039 0
2 0.646973 0.770508 0.028320 0.029297 0
2 0.598145 0.770020 0.020508 0.030273 1
2 0.568848 0.768555 0.032227 0.031250 1
2 0.624023 0.746094 0.023438 0.029297 1
2 0.665039 0.744141 0.025391 0.033203 1
2 0.519043 0.893066 0.034180 0.028320 1
2 0.697754 0.732422 0.030273 0.029297 1
2 0.862793 0.839355 0.030273 0.040039 1
2 0.695801 0.888184 0.016602 0.032227 0
2 0.473145 0.604492 0.032227 0.037109 0
2 0.385742 0.583984 0.035156 0.041016 1
2 0.938477 0.880859 0.029297 0.050781 1
2 0.444824 0.686035 0.040039 0.045898 1
2 0.540527 0.448730 0.040039 0.030273 1
2 0.444824 0.418945 0.038086 0.033203 1
2 0.417480 0.400879 0.032227 0.028320 1
2 0.368164 0.383301 0.035156 0.041992 1
