2 0.8725142045 0.4777166193 0.0234375000 0.0292968750
2 0.8383345170 0.4689275568 0.0292968750 0.0253906250
2 0.7250532670 0.4757634943 0.0292968750 0.0273437500
2 0.7480024858 0.3610174006 0.0361328125 0.0361328125
2 0.6615767045 0.2902166193 0.0312500000 0.0292968750
2 0.5844282670 0.2242986506 0.0273437500 0.0498046875
2 0.6337446733 0.2223455256 0.0341796875 0.0322265625
2 0.6684126420 0.2120916193 0.0312500000 0.0273437500
2 0.6801313920 0.2350408381 0.0449218750 0.0224609375
2 0.7133345170 0.2116033381 0.0253906250 0.0361328125
2 0.7406782670 0.2228338068 0.0410156250 0.0292968750
2 0.5326704545 0.1759588068 0.0312500000 0.0449218750
2 0.4731001420 0.1945134943 0.0273437500 0.0429687500
2 0.4159712358 0.1881658381 0.0361328125 0.0380859375
2 0.5536665483 0.1447088068 0.0224609375 0.0292968750
2 0.6366743608 0.1910955256 0.0361328125 0.0322265625
2 0.7108931108 0.3956853693 0.0322265625 0.0273437500
2 0.9027876420 0.4777166193 0.0273437500 0.0312500000
2 0.5810102983 0.3507634943 0.0361328125 0.0410156250
2 0.5331587358 0.2604314631 0.0380859375 0.0380859375
2 0.8881392045 0.1256658381 0.0390625000 0.0341796875
2 0.7235884233 0.1320134943 0.0341796875 0.0273437500
2 0.6991743608 0.1388494318 0.0322265625 0.0390625000
2 0.6923384233 0.3644353693 0.0341796875 0.0253906250
2 0.6630415483 0.2535955256 0.0380859375 0.0224609375
