2 0.9031032986 0.4173719618 0.0312500000 0.0273437500
2 0.8699001736 0.4154188368 0.0234375000 0.0292968750
2 0.8347439236 0.4066297743 0.0292968750 0.0253906250
2 0.7234157986 0.4154188368 0.0292968750 0.0273437500
2 0.7102322049 0.3392469618 0.0341796875 0.0234375000
2 0.7444118924 0.2977430556 0.0361328125 0.0361328125
2 0.5798611111 0.2904188368 0.0234375000 0.0273437500
2 0.6579861111 0.2279188368 0.0312500000 0.0292968750
2 0.6648220486 0.1927625868 0.0312500000 0.0234375000
2 0.5310329861 0.2000868056 0.0292968750 0.0361328125
2 0.5818142361 0.1620008681 0.0273437500 0.0498046875
2 0.6301540799 0.1620008681 0.0341796875 0.0322265625
2 0.6648220486 0.1497938368 0.0312500000 0.0273437500
2 0.6775173611 0.1727430556 0.0449218750 0.0224609375
2 0.7097439236 0.1483289931 0.0253906250 0.0361328125
2 0.7380642361 0.1605360243 0.0410156250 0.0292968750
2 0.6301540799 0.1322157118 0.0322265625 0.0234375000
2 0.5281032986 0.1224500868 0.0273437500 0.0253906250
2 0.4704861111 0.1292860243 0.0292968750 0.0429687500
2 0.4128689236 0.1219618056 0.0253906250 0.0322265625
