2 0.8738458807 0.5937056108 0.0234375000 0.0292968750
2 0.7283380682 0.5927290483 0.0292968750 0.0273437500
2 0.6658380682 0.4022993608 0.0312500000 0.0292968750
2 0.5896661932 0.3412642045 0.0273437500 0.0498046875
2 0.7175958807 0.3295454545 0.0253906250 0.0361328125
2 0.4212091619 0.3051313920 0.0361328125 0.0380859375
2 0.5598810369 0.2636274858 0.0224609375 0.0292968750
2 0.6419122869 0.3148970170 0.0361328125 0.0322265625
2 0.7161310369 0.5136274858 0.0322265625 0.0273437500
2 0.9041193182 0.5956587358 0.0273437500 0.0312500000
2 0.5862482244 0.4677290483 0.0361328125 0.0410156250
2 0.5374200994 0.3783735795 0.0380859375 0.0380859375
2 0.7298029119 0.2509321733 0.0341796875 0.0273437500
2 0.6975763494 0.4823774858 0.0341796875 0.0253906250
2 0.6692560369 0.3715376420 0.0380859375 0.0224609375
2 0.9104669744 0.2025923295 0.0322265625 0.0322265625
2 0.6067560369 0.2196821733 0.0322265625 0.0273437500
2 0.6677911932 0.1952681108 0.0292968750 0.0234375000
2 0.5681818182 0.1986860795 0.0234375000 0.0322265625
2 0.4944513494 0.1996626420 0.0341796875 0.0205078125
2 0.4798029119 0.2094282670 0.0380859375 0.0322265625
2 0.5447443182 0.1835493608 0.0312500000 0.0253906250
