2 0.670410 0.899414 0.022461 0.035156 1
2 0.712891 0.881348 0.042969 0.028320 1
2 0.627930 0.878418 0.029297 0.030273 1
2 0.599121 0.882324 0.022461 0.030273 1
2 0.574707 0.879883 0.022461 0.033203 1
2 0.758789 0.877930 0.035156 0.029297 1
2 0.690430 0.865723 0.029297 0.032227 1
2 0.751465 0.847656 0.030273 0.029297 1
2 0.724121 0.861816 0.024414 0.040039 0
2 0.647949 0.857422 0.028320 0.029297 0
2 0.601074 0.854980 0.020508 0.030273 1
2 0.571777 0.854492 0.032227 0.031250 1
2 0.626953 0.832031 0.023438 0.029297 1
2 0.666016 0.830078 0.025391 0.033203 1
2 0.698730 0.818359 0.030273 0.029297 1
2 0.474121 0.692383 0.032227 0.037109 0
2 0.386719 0.670898 0.035156 0.041016 1
2 0.447754 0.772949 0.040039 0.045898 1
2 0.543457 0.538574 0.040039 0.030273 1
2 0.447754 0.508789 0.038086 0.033203 1
2 0.371094 0.473145 0.035156 0.041992 1
2 0.421875 0.489258 0.031250 0.035156 1
