2 0.894531 0.382812 0.031250 0.027344 1
2 0.861816 0.380859 0.024414 0.029297 1
2 0.827148 0.372559 0.029297 0.026367 1
2 0.715332 0.380371 0.030273 0.028320 1
2 0.702148 0.299805 0.035156 0.023438 1
2 0.737305 0.262695 0.037109 0.037109 1
2 0.571777 0.256348 0.024414 0.028320 1
2 0.650391 0.192871 0.031250 0.030273 1
2 0.657227 0.157715 0.031250 0.024414 1
2 0.523438 0.164062 0.029297 0.037109 1
2 0.574219 0.126953 0.027344 0.050781 1
2 0.623535 0.124512 0.034180 0.032227 1
2 0.657227 0.115234 0.031250 0.027344 1
2 0.669922 0.137207 0.044922 0.022461 1
2 0.702637 0.114258 0.026367 0.037109 1
2 0.730469 0.125488 0.041016 0.030273 1
