2 0.896484 0.424805 0.031250 0.027344 1
2 0.863770 0.422852 0.024414 0.029297 1
2 0.829102 0.414551 0.029297 0.026367 1
2 0.717285 0.422363 0.030273 0.028320 1
2 0.704102 0.341797 0.035156 0.023438 1
2 0.739258 0.304688 0.037109 0.037109 1
2 0.573730 0.298340 0.024414 0.028320 1
2 0.652344 0.234863 0.031250 0.030273 1
2 0.659180 0.199707 0.031250 0.024414 1
2 0.525391 0.209961 0.029297 0.037109 1
2 0.576172 0.168945 0.027344 0.050781 1
2 0.625488 0.166504 0.034180 0.032227 1
2 0.659180 0.157227 0.031250 0.027344 1
2 0.671875 0.179199 0.044922 0.022461 1
2 0.704590 0.156250 0.026367 0.037109 1
2 0.732422 0.167480 0.041016 0.030273 1
2 0.625488 0.141113 0.030273 0.022461 1
2 0.524414 0.120117 0.031250 0.044922 1
2 0.464355 0.138672 0.028320 0.042969 1
2 0.407715 0.132812 0.036133 0.039062 1
2 0.553223 0.101562 0.022461 0.029297 0
