2 0.714844 0.892090 0.042969 0.028320 1
2 0.629883 0.889160 0.029297 0.030273 1
2 0.601074 0.893066 0.022461 0.030273 1
2 0.576660 0.890625 0.022461 0.033203 1
2 0.760742 0.888672 0.035156 0.029297 1
2 0.692383 0.876465 0.029297 0.032227 1
2 0.753418 0.858398 0.030273 0.029297 1
2 0.726074 0.872559 0.024414 0.040039 0
2 0.649902 0.868164 0.028320 0.029297 0
2 0.603027 0.865723 0.020508 0.030273 1
2 0.573730 0.865234 0.032227 0.031250 1
2 0.628906 0.842773 0.023438 0.029297 1
2 0.667969 0.840820 0.025391 0.033203 1
2 0.700684 0.829102 0.030273 0.029297 1
2 0.476074 0.703125 0.032227 0.037109 0
2 0.388672 0.681641 0.035156 0.041016 1
2 0.449707 0.783691 0.040039 0.045898 1
2 0.545410 0.549316 0.040039 0.030273 1
2 0.449707 0.519531 0.038086 0.033203 1
2 0.373047 0.483887 0.035156 0.041992 1
2 0.423828 0.500000 0.031250 0.035156 1
