2 0.893555 0.365234 0.031250 0.027344 1
2 0.860840 0.363281 0.024414 0.029297 1
2 0.826172 0.354980 0.029297 0.026367 1
2 0.714355 0.362793 0.030273 0.028320 1
2 0.701172 0.282227 0.035156 0.023438 1
2 0.736328 0.245117 0.037109 0.037109 1
2 0.570801 0.238770 0.024414 0.028320 1
2 0.649414 0.175293 0.031250 0.030273 1
2 0.656250 0.140137 0.031250 0.024414 1
2 0.522461 0.144531 0.029297 0.037109 1
2 0.573242 0.105957 0.031250 0.047852 1
2 0.623047 0.100098 0.035156 0.032227 1
2 0.668457 0.120605 0.032227 0.028320 1
2 0.655273 0.095703 0.021484 0.021484 1
2 0.703613 0.097656 0.012695 0.027344 1
2 0.724121 0.104492 0.036133 0.031250 1
