2 0.897461 0.435547 0.031250 0.027344 1
2 0.864746 0.433594 0.024414 0.029297 1
2 0.830078 0.424316 0.029297 0.026367 1
2 0.718262 0.431152 0.030273 0.028320 1
2 0.705078 0.352539 0.035156 0.023438 1
2 0.740234 0.315430 0.037109 0.037109 1
2 0.574707 0.309082 0.024414 0.028320 1
2 0.653320 0.245605 0.031250 0.030273 1
2 0.660156 0.210449 0.031250 0.024414 1
2 0.526367 0.220703 0.029297 0.037109 1
2 0.577148 0.179688 0.027344 0.050781 1
2 0.626465 0.177246 0.034180 0.032227 1
2 0.660156 0.167969 0.031250 0.027344 1
2 0.672852 0.189941 0.044922 0.022461 1
2 0.705566 0.166992 0.026367 0.037109 1
2 0.733398 0.178223 0.041016 0.030273 1
2 0.626465 0.151855 0.030273 0.022461 1
2 0.525391 0.130859 0.031250 0.044922 1
2 0.465332 0.149414 0.028320 0.042969 1
2 0.408691 0.143555 0.036133 0.039062 1
2 0.552246 0.110352 0.022461 0.029297 0
2 0.691406 0.104004 0.031250 0.034180 1
2 0.718262 0.093750 0.030273 0.025391 1
2 0.877930 0.083008 0.039062 0.037109 1
