2 0.895508 0.406250 0.031250 0.027344 1
2 0.862793 0.404297 0.024414 0.029297 1
2 0.828125 0.395996 0.029297 0.026367 1
2 0.716309 0.403809 0.030273 0.028320 1
2 0.703125 0.323242 0.035156 0.023438 1
2 0.738281 0.286133 0.037109 0.037109 1
2 0.572754 0.279785 0.024414 0.028320 1
2 0.651367 0.216309 0.031250 0.030273 1
2 0.658203 0.181152 0.031250 0.024414 1
2 0.524414 0.189453 0.029297 0.037109 1
2 0.575195 0.150391 0.027344 0.050781 1
2 0.624512 0.147949 0.034180 0.032227 1
2 0.658203 0.138672 0.031250 0.027344 1
2 0.670898 0.160645 0.044922 0.022461 1
2 0.703613 0.137695 0.026367 0.037109 1
2 0.731445 0.148926 0.041016 0.030273 1
2 0.627441 0.125000 0.034180 0.023438 1
2 0.522461 0.105469 0.023438 0.035156 1
2 0.464844 0.122070 0.021484 0.035156 1
2 0.406250 0.116211 0.037109 0.035156 1
