2 0.8967013889 0.4129231771 0.0312500000 0.0273437500
2 0.8634982639 0.4119466146 0.0234375000 0.0292968750
2 0.8283420139 0.4031575521 0.0292968750 0.0253906250
2 0.7170138889 0.4109700521 0.0292968750 0.0273437500
2 0.7038302951 0.3299153646 0.0341796875 0.0234375000
2 0.7380099826 0.2932942708 0.0361328125 0.0361328125
2 0.5734592014 0.2869466146 0.0234375000 0.0273437500
2 0.6515842014 0.2234700521 0.0312500000 0.0292968750
2 0.6584201389 0.1873372396 0.0312500000 0.0234375000
2 0.5246310764 0.1956380208 0.0292968750 0.0361328125
2 0.5754123264 0.1575520833 0.0273437500 0.0498046875
2 0.6257052951 0.1546223958 0.0341796875 0.0322265625
2 0.6584201389 0.1463216146 0.0312500000 0.0273437500
2 0.6711154514 0.1673177083 0.0449218750 0.0224609375
2 0.7033420139 0.1438802083 0.0253906250 0.0361328125
2 0.7316623264 0.1560872396 0.0410156250 0.0292968750
2 0.6257052951 0.1272786458 0.0361328125 0.0224609375
2 0.5217013889 0.1199544271 0.0312500000 0.0234375000
2 0.4645724826 0.1287434896 0.0361328125 0.0429687500
2 0.4054904514 0.1204427083 0.0468750000 0.0322265625
