2 0.670410 0.892578 0.022461 0.035156 1
2 0.712891 0.874512 0.042969 0.028320 1
2 0.627930 0.871582 0.029297 0.030273 1
2 0.599121 0.875488 0.022461 0.030273 1
2 0.574707 0.873047 0.022461 0.033203 1
2 0.758789 0.871094 0.035156 0.029297 1
2 0.690430 0.858887 0.029297 0.032227 1
2 0.751465 0.840820 0.030273 0.029297 1
2 0.724121 0.854980 0.024414 0.040039 0
2 0.647949 0.850586 0.028320 0.029297 0
2 0.601074 0.848145 0.020508 0.030273 1
2 0.571777 0.847656 0.032227 0.031250 1
2 0.626953 0.825195 0.023438 0.029297 1
2 0.666016 0.823242 0.025391 0.033203 1
2 0.698730 0.811523 0.030273 0.029297 1
2 0.474121 0.685547 0.032227 0.037109 0
2 0.386719 0.664062 0.035156 0.041016 1
2 0.447754 0.766113 0.040039 0.045898 1
2 0.543457 0.531738 0.040039 0.030273 1
2 0.447754 0.501953 0.038086 0.033203 1
2 0.371094 0.466309 0.035156 0.041992 1
2 0.421875 0.482422 0.031250 0.035156 1
