2 0.8692336310 0.4644252232 0.0234375000 0.0292968750
2 0.8350539435 0.4556361607 0.0292968750 0.0253906250
2 0.7217726935 0.4624720982 0.0292968750 0.0273437500
2 0.7447219122 0.3477260045 0.0361328125 0.0361328125
2 0.6582961310 0.2769252232 0.0312500000 0.0292968750
2 0.5811476935 0.2110072545 0.0273437500 0.0498046875
2 0.6304640997 0.2080775670 0.0341796875 0.0322265625
2 0.6651320685 0.1988002232 0.0312500000 0.0273437500
2 0.6768508185 0.2217494420 0.0449218750 0.0224609375
2 0.7100539435 0.1983119420 0.0253906250 0.0361328125
2 0.7373976935 0.2095424107 0.0410156250 0.0292968750
2 0.5293898810 0.1626674107 0.0312500000 0.0449218750
2 0.4698195685 0.1802455357 0.0273437500 0.0429687500
2 0.4126906622 0.1748744420 0.0361328125 0.0380859375
2 0.5503859747 0.1314174107 0.0224609375 0.0292968750
2 0.6333937872 0.1768275670 0.0361328125 0.0322265625
2 0.7076125372 0.3823939732 0.0322265625 0.0273437500
2 0.8995070685 0.4634486607 0.0273437500 0.0312500000
2 0.5777297247 0.3374720982 0.0361328125 0.0410156250
2 0.5298781622 0.2481166295 0.0380859375 0.0380859375
2 0.8848586310 0.1123744420 0.0390625000 0.0341796875
2 0.7203078497 0.1187220982 0.0341796875 0.0273437500
2 0.6958937872 0.1255580357 0.0322265625 0.0390625000
