2 0.9032628676 0.4565716912 0.0312500000 0.0273437500
2 0.8700597426 0.4546185662 0.0234375000 0.0292968750
2 0.8358800551 0.4438763787 0.0292968750 0.0253906250
2 0.7245519301 0.4516888787 0.0292968750 0.0273437500
2 0.7103917739 0.3764935662 0.0341796875 0.0234375000
2 0.7465245864 0.3369427849 0.0361328125 0.0361328125
2 0.5800206801 0.3296185662 0.0234375000 0.0273437500
2 0.6591222426 0.2651654412 0.0312500000 0.0292968750
2 0.6659581801 0.2309857537 0.0312500000 0.0234375000
2 0.5321691176 0.2412396599 0.0292968750 0.0361328125
2 0.5839269301 0.1992474724 0.0273437500 0.0498046875
2 0.6322667739 0.1972943474 0.0341796875 0.0322265625
2 0.6659581801 0.1889935662 0.0312500000 0.0273437500
2 0.6796300551 0.2099896599 0.0449218750 0.0224609375
2 0.7118566176 0.1875287224 0.0253906250 0.0361328125
2 0.7401769301 0.1977826287 0.0410156250 0.0292968750
2 0.6327550551 0.1719037224 0.0292968750 0.0224609375
2 0.5321691176 0.1509076287 0.0312500000 0.0449218750
2 0.4716222426 0.1704388787 0.0273437500 0.0429687500
2 0.4154698989 0.1640912224 0.0361328125 0.0380859375
2 0.5531652114 0.1284466912 0.0224609375 0.0292968750
2 0.8837316176 0.1020795037 0.0410156250 0.0410156250
2 0.6972081801 0.1230755974 0.0292968750 0.0322265625
2 0.7206456801 0.1137982537 0.0253906250 0.0234375000
