2 0.600098 0.898438 0.024414 0.033203 0
2 0.642578 0.895996 0.039062 0.020508 1
2 0.570312 0.881348 0.031250 0.026367 0
2 0.703125 0.872559 0.037109 0.028320 1
2 0.604492 0.878906 0.029297 0.027344 1
2 0.678711 0.863281 0.025391 0.021484 1
2 0.665039 0.875488 0.041016 0.020508 1
2 0.485352 0.843262 0.037109 0.034180 1
2 0.590820 0.850586 0.027344 0.029297 1
2 0.638184 0.841797 0.038086 0.029297 1
2 0.721191 0.847168 0.036133 0.032227 1
2 0.968262 0.884277 0.030273 0.040039 1
2 0.670410 0.826172 0.022461 0.035156 1
2 0.712891 0.808105 0.042969 0.028320 1
2 0.625977 0.801270 0.029297 0.030273 1
2 0.599121 0.809082 0.022461 0.030273 1
2 0.574707 0.806641 0.022461 0.033203 1
2 0.758789 0.804688 0.035156 0.029297 1
2 0.690430 0.792480 0.029297 0.032227 1
2 0.751465 0.774414 0.030273 0.029297 1
2 0.724121 0.788574 0.024414 0.040039 0
2 0.647949 0.784180 0.028320 0.029297 0
2 0.601074 0.781738 0.020508 0.030273 1
2 0.571777 0.781250 0.032227 0.031250 1
2 0.626953 0.758789 0.023438 0.029297 1
2 0.666016 0.756836 0.025391 0.033203 1
2 0.698730 0.745117 0.030273 0.029297 1
2 0.861816 0.853027 0.030273 0.040039 1
2 0.698730 0.904785 0.016602 0.032227 0
2 0.474121 0.619141 0.032227 0.037109 0
2 0.386719 0.597656 0.035156 0.041016 1
2 0.935547 0.896484 0.029297 0.050781 1
2 0.447754 0.699707 0.040039 0.045898 1
2 0.543457 0.465332 0.040039 0.030273 1
2 0.447754 0.435547 0.038086 0.033203 1
2 0.420410 0.417480 0.032227 0.028320 1
2 0.371094 0.399902 0.035156 0.041992 1
