2 0.1151367188 0.7623535156 0.0341796875 0.0273437500
2 0.0804687500 0.7672363281 0.0273437500 0.0410156250
2 0.0404296875 0.7740722656 0.0292968750 0.0273437500
2 0.0218750000 0.7936035156 0.0312500000 0.0273437500
2 0.0614257812 0.7989746094 0.0341796875 0.0224609375
2 0.1605468750 0.7950683594 0.0234375000 0.0380859375
2 0.0423828125 0.8121582031 0.0273437500 0.0429687500
2 0.1009765625 0.8033691406 0.0273437500 0.0273437500
2 0.1292968750 0.8033691406 0.0273437500 0.0273437500
2 0.0140625000 0.8189941406 0.0156250000 0.0390625000
2 0.0824218750 0.8399902344 0.0312500000 0.0341796875
2 0.1249023438 0.8194824219 0.0322265625 0.0224609375
2 0.1566406250 0.8365722656 0.0292968750 0.0253906250
2 0.0511718750 0.8575683594 0.0273437500 0.0322265625
2 0.1307617188 0.8604980469 0.0361328125 0.0322265625
2 0.0121093750 0.8692871094 0.0117187500 0.0205078125
2 0.0165039062 0.8712402344 0.0205078125 0.0498046875
2 0.0848632813 0.8712402344 0.0322265625 0.0224609375
2 0.2694335937 0.8780761719 0.0341796875 0.0341796875
2 0.1092773438 0.8814941406 0.0322265625 0.0253906250
2 0.0736328125 0.8990722656 0.0312500000 0.0273437500
2 0.0199218750 0.9083496094 0.0273437500 0.0361328125
2 0.0555664062 0.9142089844 0.0380859375 0.0322265625
