2 0.0829467773 0.1109619141 0.0253906250 0.0361328125
2 0.0258178711 0.1163330078 0.0322265625 0.0292968750
2 0.0170288086 0.0909423828 0.0322265625 0.0390625000
2 0.0619506836 0.0943603516 0.0322265625 0.0322265625
2 0.0170288086 0.1348876953 0.0322265625 0.0253906250
2 0.0106811523 0.1710205078 0.0234375000 0.0292968750
2 0.0936889648 0.2413330078 0.0312500000 0.0449218750
2 0.0365600586 0.2510986328 0.0341796875 0.0410156250
2 0.0521850586 0.2808837891 0.0380859375 0.0341796875
2 0.0678100586 0.3551025391 0.0322265625 0.0341796875
2 0.1776733398 0.3516845703 0.0292968750 0.0429687500
2 0.2098999023 0.3658447266 0.0410156250 0.0322265625
2 0.2391967773 0.3692626953 0.0390625000 0.0390625000
