2 0.104492 0.737305 0.035156 0.027344 1
2 0.071777 0.746094 0.028320 0.041016 1
2 0.032227 0.745117 0.029297 0.027344 1
2 0.014160 0.765625 0.028320 0.027344 1
2 0.055176 0.774902 0.034180 0.022461 1
2 0.153320 0.769531 0.023438 0.039062 1
2 0.030273 0.793945 0.027344 0.042969 1
2 0.092285 0.784668 0.028320 0.028320 1
2 0.120605 0.780762 0.028320 0.028320 1
2 0.006348 0.791504 0.012695 0.040039 1
2 0.074219 0.811035 0.031250 0.034180 1
2 0.114746 0.800293 0.032227 0.022461 1
2 0.147949 0.800293 0.030273 0.026367 0
2 0.041016 0.833496 0.027344 0.032227 1
2 0.121582 0.832520 0.036133 0.032227 1
2 0.005371 0.834961 0.010742 0.021484 0
2 0.011719 0.848633 0.023438 0.050781 1
2 0.076660 0.842285 0.032227 0.022461 1
2 0.261230 0.852539 0.034180 0.035156 1
2 0.100586 0.857910 0.033203 0.026367 1
2 0.065430 0.860352 0.031250 0.027344 1
2 0.011719 0.883301 0.023438 0.036133 1
2 0.047363 0.879883 0.038086 0.033203 1
2 0.095703 0.890625 0.019531 0.029297 1
2 0.366211 0.880371 0.025391 0.026367 1
2 0.033691 0.903320 0.034180 0.027344 1
2 0.332031 0.893555 0.023438 0.031250 1
