2 0.120117 0.798828 0.035156 0.027344 1
2 0.084473 0.805664 0.028320 0.041016 1
2 0.045898 0.804688 0.029297 0.027344 1
2 0.022949 0.832031 0.036133 0.027344 1
2 0.000977 0.823242 0.001953 0.037109 1
2 0.066895 0.831543 0.034180 0.022461 1
2 0.165039 0.833008 0.023438 0.039062 1
2 0.047852 0.850586 0.027344 0.042969 1
2 0.105957 0.842285 0.028320 0.028320 1
2 0.135254 0.839355 0.028320 0.028320 1
2 0.017578 0.856445 0.017578 0.021484 0
2 0.008789 0.854004 0.017578 0.040039 1
2 0.087891 0.877441 0.031250 0.034180 1
2 0.130371 0.857910 0.032227 0.022461 1
2 0.159668 0.857910 0.030273 0.026367 0
2 0.058594 0.890137 0.027344 0.032227 1
2 0.133301 0.893066 0.036133 0.032227 1
2 0.011719 0.893555 0.019531 0.021484 0
2 0.020508 0.910156 0.023438 0.050781 1
