2 0.1182725694 0.7881401910 0.0341796875 0.0273437500
2 0.0836046007 0.7939995660 0.0273437500 0.0410156250
2 0.0435655382 0.7988823785 0.0292968750 0.0273437500
2 0.0225694444 0.8193901910 0.0361328125 0.0273437500
2 0.0665147569 0.8247612847 0.0341796875 0.0224609375
2 0.1646592882 0.8218315972 0.0234375000 0.0380859375
2 0.0474717882 0.8389214410 0.0273437500 0.0429687500
2 0.1041124132 0.8301323785 0.0273437500 0.0273437500
2 0.1334092882 0.8301323785 0.0273437500 0.0273437500
2 0.0147569444 0.8457573785 0.0205078125 0.0390625000
2 0.0875108507 0.8648003472 0.0312500000 0.0341796875
2 0.1290147569 0.8462456597 0.0322265625 0.0224609375
2 0.1597764757 0.8525933160 0.0292968750 0.0253906250
2 0.0562608507 0.8833550347 0.0273437500 0.0322265625
2 0.1338975694 0.8872612847 0.0361328125 0.0322265625
2 0.0128038194 0.8804253472 0.0166015625 0.0205078125
2 0.0191514757 0.8980034722 0.0234375000 0.0498046875
2 0.0889756944 0.8960503472 0.0322265625 0.0224609375
2 0.2745225694 0.8940972222 0.0341796875 0.0341796875
2 0.1133897569 0.9063042535 0.0322265625 0.0253906250
2 0.0767686632 0.9121636285 0.0312500000 0.0273437500
