2 0.118164 0.789062 0.035156 0.027344 1
2 0.082520 0.795898 0.028320 0.041016 1
2 0.042969 0.801758 0.029297 0.027344 1
2 0.020996 0.822266 0.036133 0.027344 1
2 0.064941 0.826660 0.034180 0.022461 1
2 0.163086 0.823242 0.023438 0.039062 1
2 0.045898 0.840820 0.027344 0.042969 1
2 0.104004 0.832520 0.028320 0.028320 1
2 0.133301 0.829590 0.028320 0.028320 1
2 0.012207 0.848145 0.024414 0.040039 1
2 0.085938 0.867676 0.031250 0.034180 1
2 0.128418 0.848145 0.032227 0.022461 1
2 0.159668 0.854980 0.030273 0.026367 0
2 0.054688 0.886230 0.027344 0.032227 1
2 0.131348 0.883301 0.036133 0.032227 1
2 0.009766 0.883789 0.019531 0.021484 0
2 0.018555 0.900391 0.023438 0.050781 1
2 0.091309 0.906738 0.032227 0.022461 1
