2 0.1104980469 0.7514648438 0.0341796875 0.0273437500
2 0.0777832031 0.7602539062 0.0273437500 0.0410156250
2 0.0377441406 0.7583007812 0.0292968750 0.0273437500
2 0.0201660156 0.7797851562 0.0292968750 0.0273437500
2 0.0606933594 0.7880859375 0.0341796875 0.0224609375
2 0.1588378906 0.7832031250 0.0234375000 0.0380859375
2 0.0396972656 0.8071289062 0.0273437500 0.0429687500
2 0.0982910156 0.8002929688 0.0273437500 0.0273437500
2 0.1266113281 0.7895507812 0.0273437500 0.0273437500
2 0.0123535156 0.8051757812 0.0136718750 0.0390625000
2 0.0797363281 0.8242187500 0.0312500000 0.0341796875
2 0.1212402344 0.8144531250 0.0322265625 0.0224609375
2 0.1539550781 0.8139648438 0.0292968750 0.0253906250
2 0.0484863281 0.8437500000 0.0273437500 0.0322265625
2 0.1280761719 0.8457031250 0.0361328125 0.0322265625
2 0.0113769531 0.8486328125 0.0117187500 0.0205078125
2 0.0172363281 0.8623046875 0.0234375000 0.0498046875
2 0.0831542969 0.8564453125 0.0322265625 0.0224609375
2 0.2667480469 0.8662109375 0.0341796875 0.0341796875
2 0.1056152344 0.8657226562 0.0322265625 0.0253906250
2 0.0709472656 0.8735351562 0.0312500000 0.0273437500
2 0.0172363281 0.8974609375 0.0234375000 0.0361328125
2 0.0538574219 0.8935546875 0.0380859375 0.0322265625
2 0.1017089844 0.9047851562 0.0185546875 0.0292968750
2 0.3727050781 0.8940429688 0.0253906250 0.0253906250
2 0.0392089844 0.9165039062 0.0341796875 0.0273437500
