2 0.1172645970 0.7755448191 0.0341796875 0.0273437500
2 0.0825966283 0.7804276316 0.0273437500 0.0410156250
2 0.0435341283 0.7862870066 0.0292968750 0.0273437500
2 0.0235145970 0.8067948191 0.0322265625 0.0273437500
2 0.0645302220 0.8121659128 0.0341796875 0.0224609375
2 0.1646278783 0.8082596628 0.0234375000 0.0380859375
2 0.0454872533 0.8253495066 0.0273437500 0.0429687500
2 0.1040810033 0.8175370066 0.0273437500 0.0273437500
2 0.1314247533 0.8175370066 0.0273437500 0.0273437500
2 0.0157020970 0.8321854441 0.0166015625 0.0390625000
2 0.0865028783 0.8522049753 0.0312500000 0.0341796875
2 0.1280067845 0.8326737253 0.0322265625 0.0224609375
2 0.1597450658 0.8399979441 0.0292968750 0.0253906250
2 0.0552528783 0.8707596628 0.0273437500 0.0322265625
2 0.1338661595 0.8746659128 0.0361328125 0.0322265625
2 0.0132606908 0.8688065378 0.0117187500 0.0205078125
2 0.0191200658 0.8844315378 0.0234375000 0.0498046875
2 0.0879677220 0.8834549753 0.0322265625 0.0224609375
2 0.2725380345 0.8912674753 0.0341796875 0.0341796875
2 0.1123817845 0.8946854441 0.0322265625 0.0253906250
2 0.0747841283 0.8985916941 0.0312500000 0.0273437500
2 0.0220497533 0.9215409128 0.0273437500 0.0361328125
