2 0.0812406994 0.1115838914 0.0253906250 0.0361328125
2 0.0241117932 0.1169549851 0.0322265625 0.0292968750
2 0.0153227307 0.0915643601 0.0322265625 0.0390625000
2 0.0602446057 0.0949823289 0.0322265625 0.0322265625
2 0.0153227307 0.1355096726 0.0322265625 0.0253906250
2 0.0089750744 0.1716424851 0.0234375000 0.0292968750
2 0.0919828869 0.2419549851 0.0312500000 0.0449218750
2 0.0348539807 0.2517206101 0.0341796875 0.0410156250
2 0.0504789807 0.2815057664 0.0380859375 0.0341796875
2 0.0661039807 0.3557245164 0.0322265625 0.0341796875
2 0.1759672619 0.3523065476 0.0292968750 0.0429687500
2 0.2081938244 0.3664667039 0.0410156250 0.0322265625
2 0.2374906994 0.3698846726 0.0390625000 0.0390625000
