2 0.100586 0.709961 0.035156 0.027344 1
2 0.065918 0.719727 0.028320 0.041016 1
2 0.026367 0.721680 0.029297 0.027344 1
2 0.011230 0.742188 0.022461 0.027344 1
2 0.048340 0.746582 0.034180 0.022461 1
2 0.147461 0.744141 0.023438 0.039062 1
2 0.029297 0.760742 0.027344 0.042969 1
2 0.087402 0.752441 0.028320 0.028320 1
2 0.115723 0.752441 0.028320 0.028320 1
2 0.003906 0.768066 0.007812 0.040039 1
2 0.069336 0.787598 0.031250 0.034180 1
2 0.111816 0.771973 0.032227 0.022461 1
2 0.145996 0.771973 0.030273 0.026367 0
2 0.038086 0.806152 0.027344 0.032227 1
2 0.116699 0.809082 0.036133 0.032227 1
2 0.000977 0.787109 0.001953 0.021484 0
2 0.006836 0.820312 0.013672 0.050781 1
2 0.071777 0.818848 0.032227 0.022461 1
2 0.256348 0.827148 0.034180 0.035156 1
2 0.095703 0.829590 0.033203 0.026367 1
2 0.058594 0.833984 0.031250 0.027344 1
2 0.009766 0.855957 0.019531 0.036133 1
2 0.043457 0.858398 0.041992 0.025391 1
2 0.092773 0.861816 0.029297 0.026367 0
2 0.029785 0.876465 0.040039 0.022461 1
2 0.360840 0.857422 0.030273 0.033203 1
2 0.330078 0.873535 0.027344 0.041992 1
2 0.594727 0.895020 0.035156 0.045898 1
