2 0.119141 0.788086 0.035156 0.027344 1
2 0.083496 0.794922 0.028320 0.041016 1
2 0.043945 0.800781 0.029297 0.027344 1
2 0.021973 0.821289 0.036133 0.027344 1
2 0.000488 0.812500 0.000977 0.037109 1
2 0.065918 0.825684 0.034180 0.022461 1
2 0.164062 0.822266 0.023438 0.039062 1
2 0.046875 0.839844 0.027344 0.042969 1
2 0.104980 0.831543 0.028320 0.028320 1
2 0.134277 0.828613 0.028320 0.028320 1
2 0.012695 0.847168 0.025391 0.040039 1
2 0.086914 0.866699 0.031250 0.034180 1
2 0.129395 0.847168 0.032227 0.022461 1
2 0.160645 0.854004 0.030273 0.026367 0
2 0.055664 0.885254 0.027344 0.032227 1
2 0.132324 0.882324 0.036133 0.032227 1
2 0.010742 0.882812 0.019531 0.021484 0
2 0.019531 0.899414 0.023438 0.050781 1
2 0.089355 0.897949 0.032227 0.022461 1
2 0.267090 0.893555 0.034180 0.035156 1
2 0.113281 0.908691 0.033203 0.026367 1
2 0.072266 0.914062 0.031250 0.027344 1
