2 0.083496 0.118164 0.026367 0.037109 1
2 0.026855 0.124023 0.032227 0.029297 1
2 0.018066 0.098145 0.032227 0.040039 1
2 0.063477 0.102051 0.033203 0.032227 1
2 0.018066 0.142578 0.032227 0.025391 0
2 0.011230 0.178711 0.022461 0.029297 0
2 0.093750 0.249023 0.031250 0.044922 1
2 0.038086 0.258301 0.035156 0.041992 1
2 0.052734 0.288086 0.039062 0.035156 0
2 0.068359 0.363281 0.033203 0.035156 1
2 0.177734 0.358398 0.029297 0.042969 1
2 0.211426 0.374023 0.041992 0.033203 1
2 0.239746 0.376465 0.040039 0.040039 0
