2 0.1241861979 0.8295898438 0.0341796875 0.0273437500
2 0.0895182292 0.8364257812 0.0273437500 0.0410156250
2 0.0514322917 0.8364257812 0.0292968750 0.0273437500
2 0.0275065104 0.8637695312 0.0361328125 0.0273437500
2 0.0040690104 0.8544921875 0.0048828125 0.0361328125
2 0.0724283854 0.8623046875 0.0341796875 0.0224609375
2 0.1695963542 0.8642578125 0.0234375000 0.0380859375
2 0.0533854167 0.8813476562 0.0273437500 0.0429687500
2 0.1100260417 0.8735351562 0.0273437500 0.0273437500
2 0.1402994792 0.8706054688 0.0273437500 0.0273437500
2 0.0255533854 0.8857421875 0.0166015625 0.0205078125
2 0.0118815104 0.8842773438 0.0205078125 0.0390625000
2 0.0934244792 0.9091796875 0.0312500000 0.0341796875
2 0.1349283854 0.8896484375 0.0322265625 0.0224609375
2 0.1676432292 0.8891601562 0.0292968750 0.0253906250
2 0.0167643229 0.9301757812 0.0224609375 0.0429687500
2 0.0631510417 0.9208984375 0.0273437500 0.0322265625
