2 0.084473 0.141602 0.026367 0.037109 1
2 0.027832 0.147461 0.032227 0.029297 1
2 0.019043 0.121582 0.032227 0.040039 1
2 0.064453 0.125488 0.033203 0.032227 1
2 0.019043 0.166016 0.032227 0.025391 0
2 0.011719 0.202148 0.023438 0.029297 0
2 0.094727 0.272461 0.031250 0.044922 1
2 0.039062 0.281738 0.035156 0.041992 1
2 0.053711 0.311523 0.039062 0.035156 0
2 0.069336 0.386719 0.033203 0.035156 1
2 0.178711 0.381836 0.029297 0.042969 1
2 0.212402 0.397461 0.041992 0.033203 1
2 0.240723 0.399902 0.040039 0.040039 0
