2 0.101562 0.718750 0.035156 0.027344 1
2 0.066895 0.728516 0.028320 0.041016 1
2 0.027344 0.730469 0.029297 0.027344 1
2 0.011719 0.750977 0.023438 0.027344 1
2 0.049316 0.755371 0.034180 0.022461 1
2 0.148438 0.752930 0.023438 0.039062 1
2 0.030273 0.769531 0.027344 0.042969 1
2 0.088379 0.761230 0.028320 0.028320 1
2 0.116699 0.761230 0.028320 0.028320 1
2 0.004395 0.776855 0.008789 0.040039 1
2 0.070312 0.796387 0.031250 0.034180 1
2 0.112793 0.780762 0.032227 0.022461 1
2 0.146973 0.780762 0.030273 0.026367 0
2 0.039062 0.814941 0.027344 0.032227 1
2 0.117676 0.817871 0.036133 0.032227 1
2 0.000488 0.795898 0.000977 0.021484 0
2 0.007324 0.829102 0.014648 0.050781 1
2 0.072754 0.827637 0.032227 0.022461 1
2 0.257324 0.835938 0.034180 0.035156 1
2 0.096680 0.838379 0.033203 0.026367 1
2 0.059570 0.842773 0.031250 0.027344 1
2 0.010254 0.864746 0.020508 0.036133 1
2 0.044434 0.867188 0.041992 0.025391 1
2 0.093750 0.870605 0.029297 0.026367 0
2 0.030762 0.885254 0.040039 0.022461 1
2 0.361816 0.866211 0.030273 0.033203 1
2 0.331055 0.882324 0.027344 0.041992 1
