2 0.0890625000 0.1255859375 0.0253906250 0.0361328125
2 0.0319335938 0.1309570312 0.0322265625 0.0292968750
2 0.0231445312 0.1045898437 0.0322265625 0.0390625000
2 0.0690429688 0.1099609375 0.0322265625 0.0322265625
2 0.0231445312 0.1495117187 0.0322265625 0.0253906250
2 0.0172851562 0.1866210937 0.0224609375 0.0292968750
2 0.0998046875 0.2559570313 0.0312500000 0.0449218750
2 0.0436523438 0.2657226563 0.0341796875 0.0410156250
2 0.0573242188 0.2955078125 0.0380859375 0.0341796875
2 0.0729492188 0.3707031250 0.0322265625 0.0341796875
2 0.1828125000 0.3653320313 0.0292968750 0.0429687500
2 0.2169921875 0.3804687500 0.0410156250 0.0322265625
2 0.2443359375 0.3838867188 0.0390625000 0.0390625000
