2 0.1297496449 0.8408203125 0.0341796875 0.0273437500
2 0.0941051136 0.8476562500 0.0273437500 0.0410156250
2 0.0550426136 0.8466796875 0.0292968750 0.0273437500
2 0.0320933949 0.8740234375 0.0361328125 0.0273437500
2 0.0071910511 0.8657226562 0.0078125000 0.0361328125
2 0.0760387074 0.8745117188 0.0341796875 0.0224609375
2 0.1741832386 0.8754882812 0.0234375000 0.0380859375
2 0.0579723011 0.8935546875 0.0273437500 0.0429687500
2 0.1155894886 0.8847656250 0.0273437500 0.0273437500
2 0.1448863636 0.8808593750 0.0273437500 0.0273437500
2 0.0301402699 0.8969726562 0.0166015625 0.0205078125
2 0.0150035511 0.8964843750 0.0234375000 0.0390625000
