2 0.121094 0.813477 0.035156 0.027344 1
2 0.085449 0.820312 0.028320 0.041016 1
2 0.046875 0.819336 0.029297 0.027344 1
2 0.023926 0.846680 0.036133 0.027344 1
2 0.001465 0.837891 0.002930 0.037109 1
2 0.067871 0.846191 0.034180 0.022461 1
2 0.166016 0.847656 0.023438 0.039062 1
2 0.048828 0.865234 0.027344 0.042969 1
2 0.106934 0.856934 0.028320 0.028320 1
2 0.136230 0.854004 0.028320 0.028320 1
2 0.021484 0.869141 0.017578 0.021484 0
2 0.009277 0.868652 0.018555 0.040039 1
2 0.088867 0.892090 0.031250 0.034180 1
2 0.131348 0.872559 0.032227 0.022461 1
2 0.163574 0.872559 0.030273 0.026367 0
2 0.013184 0.913086 0.022461 0.042969 1
2 0.059570 0.904785 0.027344 0.032227 1
