2 0.088867 0.661133 0.035156 0.027344 1
2 0.058105 0.669922 0.028320 0.041016 1
2 0.018555 0.672852 0.029297 0.027344 1
2 0.007324 0.692383 0.014648 0.027344 1
2 0.041504 0.694824 0.034180 0.022461 1
2 0.139648 0.698242 0.023438 0.039062 1
2 0.017578 0.717773 0.027344 0.042969 1
2 0.080566 0.708496 0.028320 0.028320 1
2 0.107910 0.704590 0.028320 0.028320 1
2 0.004395 0.724121 0.008789 0.040039 1
2 0.058594 0.740723 0.031250 0.034180 1
2 0.104004 0.722168 0.032227 0.022461 1
2 0.130371 0.724121 0.030273 0.026367 0
2 0.030273 0.756348 0.027344 0.032227 1
2 0.110840 0.759277 0.036133 0.032227 1
2 0.005371 0.768555 0.010742 0.050781 1
2 0.066895 0.772949 0.032227 0.022461 1
2 0.248535 0.776367 0.034180 0.035156 1
2 0.087891 0.779785 0.033203 0.026367 1
2 0.052734 0.784180 0.031250 0.027344 1
2 0.004883 0.807129 0.009766 0.036133 1
2 0.035645 0.810547 0.041992 0.025391 1
2 0.082031 0.813965 0.029297 0.026367 0
2 0.024902 0.828613 0.040039 0.022461 1
2 0.354004 0.810547 0.030273 0.033203 1
2 0.322266 0.823730 0.027344 0.041992 1
2 0.588867 0.844238 0.035156 0.045898 1
2 0.141113 0.865723 0.034180 0.045898 1
2 0.115234 0.876953 0.025391 0.041016 1
2 0.293457 0.866699 0.041992 0.026367 1
2 0.615234 0.879883 0.037109 0.039062 1
