2 0.0889756944 0.1443684896 0.0253906250 0.0361328125
2 0.0318467882 0.1497395833 0.0322265625 0.0292968750
2 0.0230577257 0.1233723958 0.0322265625 0.0390625000
2 0.0689561632 0.1287434896 0.0322265625 0.0322265625
2 0.0230577257 0.1682942708 0.0322265625 0.0253906250
2 0.0171983507 0.2054036458 0.0224609375 0.0292968750
2 0.0997178819 0.2747395833 0.0312500000 0.0449218750
2 0.0435655382 0.2845052083 0.0341796875 0.0410156250
2 0.0572374132 0.3142903646 0.0380859375 0.0341796875
2 0.0728624132 0.3894856771 0.0322265625 0.0341796875
2 0.1827256944 0.3841145833 0.0292968750 0.0429687500
2 0.2169053819 0.3992513021 0.0410156250 0.0322265625
2 0.2442491319 0.4026692708 0.0390625000 0.0390625000
