2 0.101562 0.725586 0.035156 0.027344 1
2 0.066895 0.735352 0.028320 0.041016 1
2 0.027344 0.737305 0.029297 0.027344 1
2 0.011719 0.757812 0.023438 0.027344 1
2 0.049316 0.762207 0.034180 0.022461 1
2 0.148438 0.759766 0.023438 0.039062 1
2 0.030273 0.776367 0.027344 0.042969 1
2 0.088379 0.768066 0.028320 0.028320 1
2 0.116699 0.768066 0.028320 0.028320 1
2 0.004395 0.783691 0.008789 0.040039 1
2 0.070312 0.803223 0.031250 0.034180 1
2 0.112793 0.787598 0.032227 0.022461 1
2 0.146973 0.787598 0.030273 0.026367 0
2 0.039062 0.821777 0.027344 0.032227 1
2 0.117676 0.824707 0.036133 0.032227 1
2 0.000488 0.802734 0.000977 0.021484 0
2 0.007324 0.835938 0.014648 0.050781 1
2 0.072754 0.834473 0.032227 0.022461 1
2 0.257324 0.842773 0.034180 0.035156 1
2 0.096680 0.845215 0.033203 0.026367 1
2 0.059570 0.849609 0.031250 0.027344 1
2 0.010254 0.871582 0.020508 0.036133 1
2 0.044434 0.874023 0.041992 0.025391 1
2 0.093750 0.877441 0.029297 0.026367 0
2 0.030762 0.892090 0.040039 0.022461 1
2 0.361816 0.873047 0.030273 0.033203 1
2 0.331055 0.889160 0.027344 0.041992 1
