2 0.113281 0.775391 0.035156 0.027344 1
2 0.078613 0.780273 0.028320 0.041016 1
2 0.039062 0.786133 0.029297 0.027344 1
2 0.017578 0.806641 0.035156 0.027344 1
2 0.061035 0.811035 0.034180 0.022461 1
2 0.160156 0.808594 0.023438 0.039062 1
2 0.041992 0.825195 0.027344 0.042969 1
2 0.100098 0.816895 0.028320 0.028320 1
2 0.128418 0.816895 0.028320 0.028320 1
2 0.010254 0.832520 0.020508 0.040039 1
2 0.082031 0.852051 0.031250 0.034180 1
2 0.124512 0.832520 0.032227 0.022461 1
2 0.155762 0.839355 0.030273 0.026367 0
2 0.050781 0.870605 0.027344 0.032227 1
2 0.129395 0.873535 0.036133 0.032227 1
2 0.007812 0.868164 0.015625 0.021484 0
2 0.014648 0.884766 0.023438 0.050781 1
2 0.084473 0.883301 0.032227 0.022461 1
2 0.269043 0.880859 0.034180 0.035156 1
2 0.108398 0.894043 0.033203 0.026367 1
2 0.071289 0.898438 0.031250 0.027344 1
