2 0.1005602385 0.7007092928 0.0341796875 0.0273437500
2 0.0668688322 0.7114514803 0.0273437500 0.0410156250
2 0.0287828947 0.7134046053 0.0292968750 0.0273437500
2 0.0146227385 0.7339124178 0.0185546875 0.0273437500
2 0.0497789885 0.7363538240 0.0341796875 0.0224609375
2 0.1489000822 0.7363538240 0.0234375000 0.0380859375
2 0.0307360197 0.7534436678 0.0273437500 0.0429687500
2 0.0883532072 0.7446546053 0.0273437500 0.0273437500
2 0.1156969572 0.7446546053 0.0273437500 0.0273437500
2 0.0112047697 0.7651624178 0.0117187500 0.0390625000
2 0.0688219572 0.7793225740 0.0312500000 0.0341796875
2 0.1122789885 0.7636975740 0.0322265625 0.0224609375
2 0.1440172697 0.7622327303 0.0292968750 0.0253906250
2 0.0414782072 0.7998303865 0.0273437500 0.0322265625
2 0.1191149260 0.8017835115 0.0361328125 0.0322265625
2 0.0121813322 0.8105725740 0.0136718750 0.0498046875
2 0.0761461760 0.8144788240 0.0322265625 0.0224609375
2 0.2568102385 0.8193616365 0.0341796875 0.0341796875
2 0.0966539885 0.8208264803 0.0322265625 0.0253906250
2 0.0619860197 0.8257092928 0.0312500000 0.0273437500
2 0.0121813322 0.8486585115 0.0136718750 0.0361328125
2 0.0444078947 0.8501233553 0.0410156250 0.0253906250
2 0.0951891447 0.8540296053 0.0292968750 0.0253906250
2 0.0307360197 0.8681897615 0.0390625000 0.0224609375
2 0.3627672697 0.8515881990 0.0292968750 0.0322265625
2 0.3315172697 0.8657483553 0.0273437500 0.0410156250
2 0.5947008635 0.8872327303 0.0341796875 0.0449218750
2 0.1415758635 0.9116467928 0.0341796875 0.0449218750
