2 0.1015625000 0.7066317472 0.0341796875 0.0273437500
2 0.0688476562 0.7183504972 0.0273437500 0.0410156250
2 0.0307617188 0.7203036222 0.0292968750 0.0273437500
2 0.0156250000 0.7408114347 0.0205078125 0.0273437500
2 0.0517578125 0.7412997159 0.0341796875 0.0224609375
2 0.1499023438 0.7422762784 0.0234375000 0.0380859375
2 0.0327148438 0.7583895597 0.0273437500 0.0429687500
2 0.0893554688 0.7496004972 0.0273437500 0.0273437500
2 0.1186523438 0.7496004972 0.0273437500 0.0273437500
2 0.0122070312 0.7720614347 0.0136718750 0.0390625000
2 0.0708007812 0.7862215909 0.0312500000 0.0341796875
2 0.1142578125 0.7705965909 0.0322265625 0.0224609375
2 0.1450195312 0.7681551847 0.0292968750 0.0253906250
2 0.0424804688 0.8067294034 0.0273437500 0.0322265625
2 0.1210937500 0.8067294034 0.0361328125 0.0322265625
2 0.0136718750 0.8155184659 0.0166015625 0.0498046875
2 0.0771484375 0.8213778409 0.0322265625 0.0224609375
2 0.2597656250 0.8243075284 0.0341796875 0.0341796875
2 0.0986328125 0.8277254972 0.0322265625 0.0253906250
2 0.0620117188 0.8316317472 0.0312500000 0.0273437500
2 0.0131835938 0.8555575284 0.0156250000 0.0361328125
2 0.0463867188 0.8560458097 0.0410156250 0.0253906250
2 0.0971679688 0.8589754972 0.0292968750 0.0253906250
2 0.0327148438 0.8750887784 0.0390625000 0.0224609375
2 0.3637695312 0.8584872159 0.0292968750 0.0322265625
2 0.3325195312 0.8706942472 0.0273437500 0.0410156250
2 0.5966796875 0.8931551847 0.0341796875 0.0449218750
2 0.1435546875 0.9175692472 0.0341796875 0.0449218750
