2 0.125000 0.824219 0.035156 0.027344 1
2 0.089355 0.831055 0.028320 0.041016 1
2 0.050781 0.830078 0.029297 0.027344 1
2 0.027832 0.857422 0.036133 0.027344 1
2 0.003418 0.848633 0.006836 0.037109 1
2 0.071777 0.856934 0.034180 0.022461 1
2 0.169922 0.858398 0.023438 0.039062 1
2 0.052734 0.875977 0.027344 0.042969 1
2 0.110840 0.867676 0.028320 0.028320 1
2 0.140137 0.864746 0.028320 0.028320 1
2 0.025391 0.879883 0.017578 0.021484 0
2 0.011230 0.879395 0.022461 0.040039 1
2 0.092773 0.902832 0.031250 0.034180 1
2 0.135254 0.883301 0.032227 0.022461 1
2 0.167480 0.883301 0.030273 0.026367 0
