2 0.083496 0.107422 0.026367 0.037109 1
2 0.026855 0.113281 0.032227 0.029297 1
2 0.018066 0.087402 0.032227 0.040039 1
2 0.063477 0.091309 0.033203 0.032227 1
2 0.018066 0.131836 0.032227 0.025391 0
2 0.011230 0.167969 0.022461 0.029297 0
2 0.093750 0.238281 0.031250 0.044922 1
2 0.038086 0.247559 0.035156 0.041992 1
2 0.052734 0.277344 0.039062 0.035156 0
2 0.068359 0.352539 0.033203 0.035156 1
2 0.177734 0.347656 0.029297 0.042969 1
2 0.211426 0.363281 0.041992 0.033203 1
2 0.239746 0.365723 0.040039 0.040039 0
