2 0.109375 0.750977 0.035156 0.027344 1
2 0.074707 0.755859 0.028320 0.041016 1
2 0.035156 0.761719 0.029297 0.027344 1
2 0.015625 0.782227 0.031250 0.027344 1
2 0.056152 0.786621 0.034180 0.022461 1
2 0.155273 0.784180 0.023438 0.039062 1
2 0.037109 0.800781 0.027344 0.042969 1
2 0.095215 0.792480 0.028320 0.028320 1
2 0.123535 0.792480 0.028320 0.028320 1
2 0.007812 0.808105 0.015625 0.040039 1
2 0.077148 0.827637 0.031250 0.034180 1
2 0.117676 0.816895 0.032227 0.022461 1
2 0.150879 0.816895 0.030273 0.026367 0
2 0.045898 0.846191 0.027344 0.032227 1
2 0.124512 0.849121 0.036133 0.032227 1
2 0.006836 0.851562 0.013672 0.021484 0
2 0.014648 0.865234 0.023438 0.050781 1
2 0.079590 0.858887 0.032227 0.022461 1
2 0.264160 0.867188 0.034180 0.035156 1
2 0.103516 0.869629 0.033203 0.026367 1
2 0.068359 0.876953 0.031250 0.027344 1
2 0.013184 0.899902 0.026367 0.036133 1
2 0.050293 0.896484 0.038086 0.033203 1
2 0.098633 0.902344 0.019531 0.029297 1
2 0.369141 0.896973 0.025391 0.026367 1
