2 0.0889648437 0.1308593750 0.0253906250 0.0361328125
2 0.0318359375 0.1362304688 0.0322265625 0.0292968750
2 0.0230468750 0.1098632812 0.0322265625 0.0390625000
2 0.0689453125 0.1152343750 0.0322265625 0.0322265625
2 0.0230468750 0.1547851562 0.0322265625 0.0253906250
2 0.0171875000 0.1918945312 0.0224609375 0.0292968750
2 0.0997070312 0.2612304688 0.0312500000 0.0449218750
2 0.0435546875 0.2709960938 0.0341796875 0.0410156250
2 0.0572265625 0.3007812500 0.0380859375 0.0341796875
2 0.0728515625 0.3759765625 0.0322265625 0.0341796875
2 0.1827148437 0.3706054688 0.0292968750 0.0429687500
2 0.2168945312 0.3857421875 0.0410156250 0.0322265625
2 0.2442382812 0.3891601562 0.0390625000 0.0390625000
