2 0.1082617187 0.7392968750 0.0341796875 0.0273437500
2 0.0755468750 0.7471093750 0.0273437500 0.0410156250
2 0.0355078125 0.7461328125 0.0292968750 0.0273437500
2 0.0179296875 0.7666406250 0.0292968750 0.0273437500
2 0.0584570312 0.7768945312 0.0341796875 0.0224609375
2 0.1566015625 0.7700585937 0.0234375000 0.0380859375
2 0.0335546875 0.7949609375 0.0273437500 0.0429687500
2 0.0960546875 0.7861718750 0.0273437500 0.0273437500
2 0.1243750000 0.7822656250 0.0273437500 0.0273437500
2 0.0101171875 0.7920312500 0.0136718750 0.0390625000
2 0.0775000000 0.8120507812 0.0312500000 0.0341796875
2 0.1190039062 0.8013085937 0.0322265625 0.0224609375
2 0.1517187500 0.8008203125 0.0292968750 0.0253906250
2 0.0442968750 0.8345117187 0.0273437500 0.0322265625
2 0.1258398438 0.8345117187 0.0361328125 0.0322265625
2 0.0091406250 0.8364648437 0.0117187500 0.0205078125
2 0.0150000000 0.8501367187 0.0234375000 0.0498046875
2 0.0809179687 0.8520898437 0.0322265625 0.0224609375
2 0.2645117188 0.8530664062 0.0341796875 0.0341796875
2 0.1033789062 0.8584375000 0.0322265625 0.0253906250
2 0.0687109375 0.8623437500 0.0312500000 0.0273437500
2 0.0150000000 0.8843164062 0.0234375000 0.0361328125
2 0.0516210937 0.8813867187 0.0380859375 0.0322265625
2 0.0994726562 0.8916406250 0.0185546875 0.0292968750
2 0.3685156250 0.8857812500 0.0253906250 0.0253906250
2 0.0369726562 0.9053125000 0.0341796875 0.0273437500
2 0.3353125000 0.8955468750 0.0234375000 0.0312500000
