2 0.133789 0.854492 0.035156 0.027344 1
2 0.101074 0.863281 0.028320 0.041016 1
2 0.061523 0.862305 0.029297 0.027344 1
2 0.036621 0.885742 0.036133 0.027344 1
2 0.007324 0.884766 0.014648 0.037109 1
2 0.079590 0.888184 0.034180 0.022461 1
2 0.173828 0.887695 0.023438 0.039062 1
2 0.052734 0.907227 0.027344 0.042969 1
2 0.116699 0.895020 0.028320 0.028320 1
2 0.146973 0.895020 0.028320 0.028320 1
2 0.028320 0.910156 0.017578 0.021484 0
2 0.009277 0.915527 0.012695 0.038086 1
2 0.012695 0.921387 0.025391 0.040039 1
