2 0.085449 0.083984 0.026367 0.037109 1
2 0.028809 0.089844 0.032227 0.029297 1
2 0.020020 0.063965 0.032227 0.040039 1
2 0.065430 0.067871 0.033203 0.032227 1
2 0.020020 0.108398 0.032227 0.025391 0
2 0.012207 0.144531 0.024414 0.029297 0
2 0.095703 0.214844 0.031250 0.044922 1
2 0.040039 0.224121 0.035156 0.041992 1
2 0.054688 0.253906 0.039062 0.035156 0
2 0.070312 0.329102 0.033203 0.035156 1
2 0.179688 0.324219 0.029297 0.042969 1
2 0.213379 0.339844 0.041992 0.033203 1
2 0.241699 0.342285 0.040039 0.040039 0
