2 0.093750 0.681641 0.035156 0.027344 1
2 0.062988 0.690430 0.028320 0.041016 1
2 0.023438 0.693359 0.029297 0.027344 1
2 0.009766 0.712891 0.019531 0.027344 1
2 0.046387 0.715332 0.034180 0.022461 1
2 0.144531 0.718750 0.023438 0.039062 1
2 0.022461 0.738281 0.027344 0.042969 1
2 0.085449 0.729004 0.028320 0.028320 1
2 0.112793 0.725098 0.028320 0.028320 1
2 0.006836 0.744629 0.013672 0.040039 1
2 0.063477 0.761230 0.031250 0.034180 1
2 0.108887 0.742676 0.032227 0.022461 1
2 0.136230 0.745605 0.030273 0.026367 0
2 0.035156 0.776855 0.027344 0.032227 1
2 0.115723 0.779785 0.036133 0.032227 1
2 0.007812 0.789062 0.015625 0.050781 1
2 0.071777 0.793457 0.032227 0.022461 1
2 0.253418 0.797852 0.034180 0.035156 1
2 0.092773 0.800293 0.033203 0.026367 1
2 0.055664 0.804688 0.031250 0.027344 1
2 0.007324 0.827637 0.014648 0.036133 1
2 0.040527 0.831055 0.041992 0.025391 1
2 0.087891 0.835449 0.029297 0.026367 0
2 0.029785 0.849121 0.040039 0.022461 1
2 0.358887 0.831055 0.030273 0.033203 1
2 0.327148 0.844238 0.027344 0.041992 1
2 0.591797 0.863770 0.035156 0.045898 1
2 0.143066 0.892090 0.034180 0.045898 1
2 0.120117 0.897461 0.025391 0.041016 1
2 0.295410 0.884277 0.041992 0.026367 1
