2 0.0898437500 0.1149414063 0.0253906250 0.0361328125
2 0.0327148438 0.1203125000 0.0322265625 0.0292968750
2 0.0239257812 0.0949218750 0.0322265625 0.0390625000
2 0.0688476562 0.0993164063 0.0322265625 0.0322265625
2 0.0239257812 0.1388671875 0.0322265625 0.0253906250
2 0.0175781250 0.1759765625 0.0234375000 0.0292968750
2 0.1005859375 0.2453125000 0.0312500000 0.0449218750
2 0.0434570312 0.2550781250 0.0341796875 0.0410156250
2 0.0590820312 0.2848632812 0.0380859375 0.0341796875
2 0.0747070312 0.3590820312 0.0322265625 0.0341796875
2 0.1845703125 0.3546875000 0.0292968750 0.0429687500
2 0.2167968750 0.3698242187 0.0410156250 0.0322265625
2 0.2460937500 0.3732421875 0.0390625000 0.0390625000
