2 0.095703 0.692383 0.035156 0.027344 1
2 0.064941 0.701172 0.028320 0.041016 1
2 0.025391 0.704102 0.029297 0.027344 1
2 0.010742 0.723633 0.021484 0.027344 1
2 0.048340 0.726074 0.034180 0.022461 1
2 0.146484 0.729492 0.023438 0.039062 1
2 0.024414 0.749023 0.027344 0.042969 1
2 0.087402 0.739746 0.028320 0.028320 1
2 0.114746 0.735840 0.028320 0.028320 1
2 0.007812 0.755371 0.015625 0.040039 1
2 0.065430 0.771973 0.031250 0.034180 1
2 0.110840 0.753418 0.032227 0.022461 1
2 0.138184 0.756348 0.030273 0.026367 0
2 0.037109 0.787598 0.027344 0.032227 1
2 0.117676 0.790527 0.036133 0.032227 1
2 0.000488 0.768555 0.000977 0.021484 0
2 0.008789 0.799805 0.017578 0.050781 1
2 0.073730 0.804199 0.032227 0.022461 1
2 0.255371 0.808594 0.034180 0.035156 1
2 0.094727 0.811035 0.033203 0.026367 1
2 0.059570 0.815430 0.031250 0.027344 1
2 0.008301 0.838379 0.016602 0.036133 1
2 0.042480 0.841797 0.041992 0.025391 1
2 0.089844 0.846191 0.029297 0.026367 0
2 0.031738 0.859863 0.040039 0.022461 1
2 0.360840 0.841797 0.030273 0.033203 1
2 0.329102 0.854980 0.027344 0.041992 1
2 0.593750 0.876465 0.035156 0.045898 1
2 0.145020 0.902832 0.034180 0.045898 1
2 0.122070 0.908203 0.025391 0.041016 1
2 0.294434 0.894043 0.041992 0.026367 1
