1 0.6439453125 0.4299316406 0.0576171875 0.0654296875
1 0.5345703125 0.1843261719 0.0810546875 0.0742187500
1 0.8304687500 0.2307128906 0.0673828125 0.0654296875
1 0.5072265625 0.4001464844 0.0576171875 0.0585937500
1 0.9408203125 0.2810058594 0.0673828125 0.0703125000
1 0.9676757812 0.1384277344 0.0605468750 0.0605468750
1 0.8460937500 0.1735839844 0.0732421875 0.0585937500
1 0.7958007812 0.2990722656 0.0664062500 0.0537109375
1 0.9007812500 0.1638183594 0.0634765625 0.0527343750
1 0.5472656250 0.4519042969 0.0595703125 0.0546875000
1 0.8397460937 0.2946777344 0.0605468750 0.0644531250
1 0.6595703125 0.2731933594 0.0556640625 0.0507812500
1 0.6957031250 0.2941894531 0.0810546875 0.0693359375
