1 0.1717387355 0.7808184956 0.0683593750 0.0566406250
1 0.1121684230 0.5278888081 0.0546875000 0.0546875000
1 0.1429301417 0.7305255269 0.0595703125 0.0498046875
1 0.1829692042 0.6265216206 0.0556640625 0.0507812500
1 0.0662699855 0.8115802144 0.0585937500 0.0478515625
1 0.0931254542 0.7476153706 0.0576171875 0.0507812500
1 0.0613871730 0.8555255269 0.0566406250 0.0498046875
1 0.1131449855 0.8008380269 0.0546875000 0.0458984375
1 0.0872660792 0.7036700581 0.0576171875 0.0527343750
1 0.0457621730 0.7061114644 0.0605468750 0.0537109375
1 0.0384379542 0.8931231831 0.0634765625 0.0332031250
