1 0.5335427989 0.2311480978 0.0791015625 0.0722656250
1 0.6414529552 0.4718707541 0.0605468750 0.0634765625
1 0.8274881114 0.2780230978 0.0654296875 0.0625000000
1 0.9661599864 0.1818316916 0.0634765625 0.0654296875
1 0.5066873302 0.4430621603 0.0585937500 0.0585937500
1 0.9368631114 0.3239215353 0.0673828125 0.0703125000
1 0.8455545177 0.2199176291 0.0761718750 0.0595703125
1 0.6565896739 0.3219684103 0.0615234375 0.0527343750
1 0.9002420177 0.2077105978 0.0585937500 0.0507812500
1 0.8846170177 0.1383746603 0.0742187500 0.0625000000
1 0.6912576427 0.3424762228 0.0742187500 0.0566406250
1 0.8401834239 0.3434527853 0.0595703125 0.0644531250
1 0.7913552989 0.3458941916 0.0673828125 0.0556640625
1 0.5467263927 0.4826129416 0.0585937500 0.0537109375
1 0.9412576427 0.1237262228 0.0664062500 0.0527343750
