1 0.9037388393 0.1989596620 0.0625000000 0.0644531250
1 0.5321568080 0.5490573182 0.0732421875 0.0654296875
1 0.9203404018 0.4391940370 0.0703125000 0.0605468750
1 0.9691685268 0.3141940370 0.0566406250 0.0605468750
1 0.8143833705 0.4089205995 0.0751953125 0.0703125000
1 0.8109654018 0.5886080995 0.0585937500 0.0566406250
1 0.8265904018 0.5373385682 0.0683593750 0.0576171875
1 0.9491489955 0.5007174745 0.0712890625 0.0664062500
1 0.8646763393 0.4582370057 0.0683593750 0.0634765625
1 0.6273716518 0.7692721620 0.0585937500 0.0664062500
1 0.5057896205 0.7409518495 0.0576171875 0.0546875000
1 0.8597935268 0.4103854432 0.0585937500 0.0615234375
1 0.9139927455 0.6354830995 0.0654296875 0.0722656250
1 0.6459263393 0.6296237245 0.0625000000 0.0546875000
1 0.8793247768 0.5236666932 0.0585937500 0.0517578125
1 0.5428989955 0.7814791932 0.0537109375 0.0498046875
1 0.6830357143 0.6540377870 0.0703125000 0.0546875000
