1 0.1144775391 0.5547851563 0.0556640625 0.0556640625
1 0.1745361328 0.8042968750 0.0664062500 0.0546875000
1 0.1838134766 0.6529296875 0.0576171875 0.0527343750
1 0.0690673828 0.8370117188 0.0566406250 0.0458984375
1 0.1437744141 0.7559570313 0.0595703125 0.0498046875
1 0.0632080078 0.8770507813 0.0546875000 0.0458984375
1 0.1149658203 0.8248046875 0.0546875000 0.0449218750
1 0.0900634766 0.7295898438 0.0595703125 0.0537109375
1 0.0475830078 0.7320312500 0.0605468750 0.0546875000
1 0.0959228516 0.7735351563 0.0537109375 0.0498046875
