1 0.9495605469 0.6105468750 0.0644531250 0.0595703125
1 0.5306152344 0.8273437500 0.0781250000 0.0693359375
1 0.8831542969 0.5031250000 0.0625000000 0.0615234375
1 0.9270996094 0.7829101563 0.0722656250 0.0625000000
1 0.7952636719 0.8639648438 0.0566406250 0.0527343750
1 0.9002441406 0.7252929688 0.0693359375 0.0566406250
1 0.8460449219 0.7438476563 0.0703125000 0.0605468750
1 0.7977050781 0.6984375000 0.0751953125 0.0673828125
1 0.8411621094 0.6989257813 0.0605468750 0.0585937500
1 0.8123535156 0.8161132813 0.0693359375 0.0585937500
1 0.8592285156 0.8029296875 0.0537109375 0.0478515625
1 0.6434082031 0.8878906250 0.0673828125 0.0341796875
1 0.9017089844 0.8937500000 0.0566406250 0.0400390625
