1 0.5301810600 0.8447133657 0.0791015625 0.0693359375
1 0.9496146537 0.6303578970 0.0644531250 0.0605468750
1 0.8812552787 0.5234243032 0.0625000000 0.0615234375
1 0.9256888725 0.7997914907 0.0712890625 0.0634765625
1 0.9007865287 0.7441274282 0.0703125000 0.0595703125
1 0.8456107475 0.7626821157 0.0693359375 0.0595703125
1 0.7962943412 0.7177602407 0.0761718750 0.0693359375
1 0.7958060600 0.8813344595 0.0576171875 0.0488281250
1 0.8392630912 0.7162953970 0.0625000000 0.0605468750
1 0.8104544975 0.8344594595 0.0693359375 0.0566406250
1 0.8587943412 0.8217641470 0.0546875000 0.0507812500
