1 0.8925577799 0.3519694010 0.0634765625 0.0644531250
1 0.5331827799 0.6874186198 0.0771484375 0.0693359375
1 0.9633585612 0.4618326823 0.0664062500 0.0615234375
1 0.9360148112 0.6415201823 0.0722656250 0.0673828125
1 0.9096476237 0.5824381510 0.0703125000 0.0605468750
1 0.8022257487 0.7274576823 0.0625000000 0.0576171875
1 0.9028116862 0.7738444010 0.0683593750 0.0742187500
1 0.8500773112 0.5541178385 0.0585937500 0.0585937500
1 0.8544718424 0.6009928385 0.0673828125 0.0605468750
1 0.8066202799 0.5521647135 0.0751953125 0.0683593750
1 0.8173624674 0.6766764323 0.0673828125 0.0576171875
1 0.6459757487 0.7626139323 0.0644531250 0.0556640625
1 0.8666788737 0.6620279948 0.0566406250 0.0517578125
1 0.6811319987 0.7933756510 0.0683593750 0.0488281250
1 0.7739054362 0.7836100260 0.0566406250 0.0507812500
