1 0.5340553977 0.3234463778 0.0781250000 0.0693359375
1 0.9363991477 0.2091885653 0.0742187500 0.0634765625
1 0.9627663352 0.2736416903 0.0703125000 0.0654296875
1 0.8275124290 0.1759854403 0.0830078125 0.0751953125
1 0.8231178977 0.3683682528 0.0625000000 0.0615234375
1 0.6429421165 0.5705166903 0.0576171875 0.0654296875
1 0.8372780540 0.3122159091 0.0712890625 0.0585937500
1 0.5042702415 0.5299893466 0.0576171875 0.0566406250
1 0.6536843040 0.4103604403 0.0634765625 0.0556640625
1 0.8778053977 0.2267666903 0.0742187500 0.0673828125
1 0.8748757102 0.1759854403 0.0605468750 0.0634765625
1 0.8909889915 0.2995205966 0.0595703125 0.0527343750
1 0.9295632102 0.4137784091 0.0664062500 0.0703125000
1 0.8358132102 0.4342862216 0.0605468750 0.0625000000
1 0.5491921165 0.5670987216 0.0576171875 0.0527343750
1 0.6863991477 0.4318448153 0.0722656250 0.0556640625
1 0.7879616477 0.4318448153 0.0664062500 0.0537109375
