1 0.9477539062 0.6530043658 0.0664062500 0.0595703125
1 0.8803710938 0.5446059283 0.0644531250 0.0634765625
1 0.5297851562 0.8654067096 0.0781250000 0.0664062500
1 0.9223632812 0.8229262408 0.0722656250 0.0634765625
1 0.8432617188 0.7858168658 0.0683593750 0.0595703125
1 0.8994140625 0.7662856158 0.0712890625 0.0576171875
1 0.8100585938 0.8566176471 0.0703125000 0.0566406250
1 0.8378906250 0.7384535846 0.0615234375 0.0585937500
1 0.7944335938 0.7399184283 0.0742187500 0.0673828125
1 0.8593750000 0.8424574908 0.0537109375 0.0478515625
1 0.7949218750 0.8942153033 0.0576171875 0.0322265625
