1 0.8896687826 0.4025472005 0.0634765625 0.0634765625
1 0.5317586263 0.7345784505 0.0761718750 0.0693359375
1 0.9604695638 0.5128987630 0.0664062500 0.0615234375
1 0.7983601888 0.7736409505 0.0605468750 0.0576171875
1 0.9350789388 0.6886800130 0.0722656250 0.0654296875
1 0.8984578451 0.8195393880 0.0654296875 0.0712890625
1 0.8037312826 0.6007893880 0.0751953125 0.0673828125
1 0.9092000326 0.6286214193 0.0732421875 0.0585937500
1 0.8535359701 0.6496175130 0.0673828125 0.0615234375
1 0.8486531576 0.6017659505 0.0595703125 0.0595703125
1 0.6455281576 0.8087972005 0.0615234375 0.0537109375
1 0.8154500326 0.7233479818 0.0673828125 0.0566406250
1 0.8672078451 0.7096761068 0.0556640625 0.0488281250
1 0.7724812826 0.8293050130 0.0595703125 0.0517578125
1 0.8149617513 0.8385823568 0.0566406250 0.0585937500
1 0.6792195638 0.8356526693 0.0839843750 0.0644531250
