3 0.611328 0.589844 0.021484 0.046875 0
3 0.583008 0.602539 0.023438 0.050781 0
3 0.629883 0.601562 0.023438 0.037109 0
3 0.655273 0.625977 0.025391 0.041016 0
3 0.600098 0.625977 0.022461 0.037109 0
3 0.625000 0.639160 0.021484 0.043945 0
3 0.645996 0.664551 0.043945 0.036133 0
3 0.606934 0.679199 0.024414 0.034180 0
3 0.656738 0.681152 0.041992 0.047852 1
3 0.648438 0.713867 0.027344 0.042969 1
3 0.666504 0.723145 0.024414 0.045898 0
3 0.680664 0.767578 0.039062 0.056641 0
3 0.653320 0.875488 0.042969 0.055664 1
